-8.80082115026125	-0.757607775363743	-21.0901774518321
-8.83307152620536	-0.817328648531128	-21.0998721583879
-8.85552062317538	-0.866057369925228	-21.1338138522497
-8.93752495211194	-0.908354909049920	-21.0234917456202
-8.98945722523222	-0.915358722894287	-20.9857545032646
-9.00172526974487	-0.898130851194259	-21.0431227808956
-9.04076254668939	-0.870393823901322	-21.0340233285698
-9.08643197241455	-0.883986302660707	-21.0068715065200
-9.21166657554332	-0.923866296488051	-20.7851742324201
-9.25901145545080	-0.943555421507888	-20.7506025704181
-9.36755868749840	-0.915649933380883	-20.5655518279555
-9.38730015309107	-0.888007506506621	-20.5927376347675
-9.42352458698730	-0.877488299526438	-20.5767780841803
-9.48355532575718	-0.817003524983324	-20.4999502479785
-9.48431099436271	-0.801510727656004	-20.5627919181274
-9.58267285860916	-0.744256826624856	-20.3854976186011
-9.59521940782452	-0.686589338113698	-20.4119135092152
-9.70627115193345	-0.654049873090895	-20.1951781720781
-9.72053573907243	-0.627195552595730	-20.2087819859825
-9.77437645187373	-0.617928188090748	-20.1222041003654
-9.82159911621110	-0.565371012846569	-20.0475373397904
-9.84869079844233	-0.534618801676345	-20.0169134681082
-9.90511543131474	-0.524616096859732	-19.9106833042388
-9.91498517442412	-0.456413041328818	-19.9130007612395
-9.94823377870165	-0.475298259134468	-19.8536353272459
-9.99546535171406	-0.454539529316878	-19.7564780027423
-10.0026040719775	-0.388206347413947	-19.7521134165677
-10.0036445674954	-0.425734647725790	-19.7576339838954
-10.0344683606781	-0.347908973884696	-19.6874774287518
-10.0051021314800	-0.344967838357298	-19.7583357688062
-10.0005847106606	-0.313171547107595	-19.7651859592500
-9.90935144618517	-0.283576209311649	-19.9781974490184
-9.89076255734439	-0.232223961050074	-20.0113581069664
-9.89474580433815	-0.168526909643486	-19.9859323880384
-9.87862971679394	-0.151637674642238	-20.0053663810827
-9.80980656490453	-0.106286040432805	-20.1494850172937
-9.81207401711689	-0.0471107009109827	-20.1181230607814
-9.78467708874548	0.0221338379922725	-20.1555214144666
-9.75674129581339	0.0638951463394613	-20.1912009226448
-9.71605983285337	0.0681225339794216	-20.2553436789243
-9.72438459794574	0.0604849653086379	-20.1990222047925
-9.68529106363624	0.0989283925392480	-20.2563344077698
-9.68539992743579	0.132018159030429	-20.2170285381366
-9.66209841890662	0.168989356489909	-20.2331842210471
-9.69706301187893	0.168713592067309	-20.1070667026732
-9.66148722430194	0.179300069236904	-20.1515765523454
-9.61122020578551	0.191080462800363	-20.2314894567871
-9.56092961120533	0.117214491448826	-20.3115216710197
-9.56558353969352	0.147235678808095	-20.2598141783022
-9.51265711216406	0.0897745477397568	-20.3480207758034
-9.46157180547413	0.115770218633610	-20.4334983079982
-9.43050101702909	0.100474219191598	-20.4714016768730
-9.37259931408899	0.0879032275480743	-20.5760310337236
-9.29436308672537	0.140735723291876	-20.7318446417627
-9.24474563691884	0.157845139846442	-20.8196016676221
-9.22271951386921	0.147986012654694	-20.8424520597641
-9.25934409836117	0.163132294288091	-20.7256366137358
-9.26522434353635	0.148851535471403	-20.6856309930256
-9.25512421296300	0.133357819779733	-20.6871455418377
-9.31866595631703	0.0956996795169280	-20.5130908198996
-9.24884206929640	0.0735280005473239	-20.6655173841104
-9.20904494533825	0.0393923696021957	-20.7483089541501
-9.24643529189148	-0.0348196585583317	-20.6473751619694
-9.16781468365584	-0.0847015934090251	-20.8314702639486
-9.18782908718881	-0.0930132722161000	-20.7800819868578
-9.16704704094390	-0.0688113332276771	-20.8305807881682
-9.15560421558955	-0.0291085072042200	-20.8609943096116
-9.14946256645886	-0.105291132640441	-20.8808377560680
-9.16976958835062	-0.0854071357585443	-20.8402248841910
-9.19159420534812	-0.0704705784557991	-20.7982265512173
-9.13557592007874	-0.0673292260546148	-20.9470876127427
-9.15912683496391	-0.0847114347004534	-20.9052980992023
-9.11653835178456	-0.0729646954431723	-21.0260684819296
-9.16758634147345	-0.0375794277158178	-20.9215978280965
-9.21412169872568	-0.0272589969341578	-20.8292220459376
-9.18645740439846	-0.0598319587577810	-20.9178930276794
-9.23543907526218	-0.0762893950580483	-20.8223146106815
-9.29527759980549	-0.0321066590610380	-20.7014514054090
-9.31844021567130	-0.0336896379637072	-20.6694386821927
-9.45447081809713	-0.0206239394749968	-20.3641250475578
-9.41645304426830	0.0293816099301839	-20.4803700555274
-9.44928442540684	0.0479996492554160	-20.4238860468572
-9.41828418560687	0.0728412797950490	-20.5211983724028
-9.43455718002133	0.0114606031874337	-20.5026841008932
-9.43162935412182	-0.0283917658199240	-20.5302730771993
-9.46792836583745	-0.0338862696819400	-20.4618277172990
-9.47133034965043	0.0788300013796516	-20.4714572749081
-9.44230032168523	0.139579408987573	-20.5563041335374
-9.44983865334184	0.168163236128117	-20.5495948552361
-9.45347863055532	0.255292344463755	-20.5496203259031
-9.43459196003885	0.232017616515829	-20.6006133012881
-9.41387356113186	0.237879758655125	-20.6536767003050
-9.44131793123625	0.269917062198823	-20.5871612644048
-9.49775199470165	0.279264668406031	-20.4471007183008
-9.48216152547676	0.258859655363127	-20.4785156880286
-9.51297589937927	0.272610455562912	-20.3947209561722
-9.49356179904565	0.266405615629553	-20.4294728437906
-9.50373538296810	0.308687489337427	-20.3896109383769
-9.50256230077593	0.357190861514993	-20.3737841126744
-9.51115598594541	0.387476360655233	-20.3308260825370
-9.41511580662022	0.412873409237002	-20.5383421406732
-9.37648277649361	0.452335521793326	-20.6038405788622
-9.34443802347888	0.454147055132437	-20.6504929015370
-9.38471864160147	0.427022436144000	-20.5196505689842
-9.37770205155170	0.375511396130828	-20.5017896212999
-9.38528550585125	0.327952657532883	-20.4474210937729
-9.35713195872914	0.354820474941993	-20.4787249615757
-9.35690727185135	0.425088245967401	-20.4407098865387
-9.30700365754777	0.473055185557703	-20.5211720779609
-9.30592201023832	0.481880192449269	-20.4819365389452
-9.26767791240392	0.478753753187976	-20.5321509282632
-9.20209467643347	0.507803085093152	-20.6484230707678
-9.14620467825641	0.563726691693924	-20.7408636360705
-9.14127258992858	0.627029092574404	-20.7093804359327
-9.17563026793083	0.620208835348437	-20.5823831659744
-9.23048826453720	0.548014963091430	-20.4064880546065
-9.15792089253626	0.593966625116807	-20.5412043108939
-9.16250195421608	0.629833951687832	-20.4894142556972
-9.23994609354736	0.636906030251122	-20.2617818334615
-9.26970518188514	0.541200031274411	-20.1509298673842
-9.24739371487173	0.522379729890587	-20.1688755577547
-9.21220620010485	0.525804480906453	-20.2197393229945
-9.17408979887202	0.519419774356003	-20.2792060421193
-9.21893856407145	0.561725618159888	-20.1392777154734
-9.19505552607414	0.533470448565081	-20.1669936929962
-9.20982605827023	0.544323022855397	-20.1029825193097
-9.19317521396927	0.547559463377525	-20.1165509806577
-9.22173463630904	0.523648762732063	-20.0220241775404
-9.16702982003395	0.532112011354127	-20.1310445863829
-9.18646870999387	0.546586369951388	-20.0616373193465
-9.22755765488322	0.549337087267253	-19.9408479115938
-9.21391068483090	0.544898770926745	-19.9538252812505
-9.26016118128240	0.533602953684931	-19.8227070022299
-9.25288380435917	0.532762167318280	-19.8223286177571
-9.27394996520149	0.577033880312512	-19.7539860422096
-9.28619505994192	0.582748535735846	-19.7070215259843
-9.29134255511154	0.603133748245520	-19.6775833025964
-9.31117149421521	0.640258881712334	-19.6125368348202
-9.32207753479807	0.666754329353582	-19.5687065356719
-9.30274825394759	0.734291450038740	-19.5977108515139
-9.33026743907340	0.710286780725821	-19.5120490014422
-9.39476211458615	0.708719019348655	-19.3366380919321
-9.34153412576989	0.718557587287220	-19.4459409793220
-9.39418824971059	0.780529162029208	-19.2977406311568
-9.39019793194072	0.779364481413910	-19.2851192472114
-9.39158169836979	0.783418932259475	-19.2584267632790
-9.42615810504494	0.801800183492818	-19.1500458178503
-9.42885837015024	0.833206611175134	-19.1173656378934
-9.39998402218550	0.851934104283832	-19.1593795532506
-9.40845656915119	0.857931937905374	-19.1091232632344
-9.40023876859832	0.924435224529187	-19.0976406355460
-9.43984171879777	0.939231219478845	-18.9677449161317
-9.49683584215153	0.962289264866726	-18.7937685279735
-9.42907858213591	1.01211719730533	-18.9200392837705
-9.45369880703634	1.03602442202535	-18.8199679602870
-9.42001926431684	1.04485026289278	-18.8590479096219
-9.42091294828604	1.09174571870483	-18.8123865849522
-9.40837782929329	1.07734503310039	-18.7958505278060
-9.39909360151276	1.16448326524364	-18.7698155337372
-9.38509732999876	1.20658152273310	-18.7523277994808
-9.37389818117945	1.26308952293495	-18.7258033980387
-9.36965193570330	1.33161270295378	-18.6800384435529
-9.37289801095799	1.39932017314452	-18.6136266849646
-9.32554370382194	1.42452657593424	-18.6674282547829
-9.27717046780437	1.48618536599334	-18.7218909178606
-9.34295880220505	1.51970531228021	-18.4974770017578
-9.33460764302771	1.59171275034241	-18.4509506770593
-9.28813548250481	1.61763284151370	-18.4945803643991
-9.28149155650312	1.66842096313036	-18.4400974470750
-9.29212974274975	1.69736909903106	-18.3418779434951
-9.34614605677483	1.75186589291856	-18.1369803164305
-9.31610103606137	1.79481147866844	-18.1339484768367
-9.31427896120931	1.79931638608721	-18.0608119007036
-9.26492936157719	1.79802843930514	-18.1016521406099
-9.23865582642688	1.78527295208605	-18.0854316113842
-9.23009997917016	1.80465236894231	-18.0252700010371
-9.19418525098911	1.86093646408685	-18.0299743859216
-9.24304901915049	1.93424058594311	-17.8272560752615
-9.18650192330522	2.02234685589063	-17.8777627366662
-9.17944877360199	2.05895524897602	-17.8058073513745
-9.16057427245627	2.12359305283508	-17.7605568259748
-9.17252132023831	2.16253631580581	-17.6382008386238
-9.12013342674442	2.18288040632340	-17.6695640542731
-9.09403615413531	2.26777667467683	-17.6351271889882
-9.05122232676338	2.31009992031378	-17.6381811599948
-9.02949984548473	2.40922827192710	-17.5875075597410
-9.00597189492491	2.41960598305930	-17.5377433574516
-8.98769091862637	2.43011360173012	-17.4727829470342
-8.96060367135940	2.46272189608946	-17.4265468908230
-8.95947875037384	2.46188261601175	-17.3143586511435
-8.97180982917955	2.52547393376999	-17.1668207668785
-9.01398760350930	2.54858237360117	-16.9432606075462
-9.00596731796838	2.64192048106813	-16.8380590009236
-8.97348032536368	2.70622284167240	-16.7878611364358
-8.94961488950046	2.72563266336068	-16.7127680264285
-8.90498134757634	2.71276679304664	-16.6845203984920
-8.83128908971491	2.80323949308105	-16.7235891988936
-8.80007400805759	2.82077843059056	-16.6552876007769
-8.75443888188589	2.89864966544607	-16.6184437329048
-8.74311100468408	3.00895463459721	-16.4942225706567
-8.76057380802546	3.10324834728758	-16.2956163110516
-8.79491751894281	3.15949274915481	-16.0517300000498
-8.77754595093049	3.16349997331564	-15.9293449980998
-8.71791666334923	3.19313743009893	-15.9062868529307
-8.65613654883319	3.22201133790879	-15.8851497458008
-8.56531899453740	3.20115274674450	-15.9312510890888
-8.50713303100356	3.25238422116076	-15.8959289519695
-8.46279930461139	3.28217199717035	-15.8239566539030
-8.41999109688279	3.37037823615629	-15.7456571300329
-8.38999341142695	3.40712841736537	-15.6331206509876
-8.30578722302769	3.49877539206819	-15.6496120090756
-8.24935017874960	3.52153273355398	-15.5959575228967
-8.20317874301306	3.55514428654732	-15.5156533975612
-8.12543134589673	3.63032902280595	-15.5101650592408
-8.09432590639565	3.64451577191026	-15.3895965528255
-8.03647195293407	3.77665260584354	-15.3327753419200
-8.00050279317003	3.83827726989263	-15.2205184508299
-7.89796368916686	3.90876423809838	-15.2682684511021
-7.84948223101834	3.92458943350758	-15.1837356094488
-7.79635368891621	3.96068943518699	-15.1100440463220
-7.65899037269178	3.94433505151413	-15.2399669350683
-7.54090983303359	3.90323138081791	-15.3234403613566
-7.50173986507902	3.95500947731323	-15.2164073507908
-7.42739099066822	3.97925355066859	-15.1943007280402
-7.36054665538931	3.94936290042356	-15.1541125565001
-7.29986353521719	3.98199575034729	-15.0998621396498
-7.20389514984930	3.98123279629303	-15.1312680745868
-7.20205236803193	3.96979427965612	-14.9351670213616
-7.09536055296835	3.99934165080323	-14.9939466750278
-7.07623224116436	3.98203663977537	-14.8407794306172
-7.02550041472339	3.99126242093910	-14.7650668855345
-7.01323264239795	3.95009803822957	-14.5966372113772
-6.97186106338343	3.98329857911141	-14.4998478923594
-6.91809974849416	4.04237580723957	-14.4332037988179
-6.86789986904181	4.03863960269175	-14.3576696631656
-6.84352884818533	4.03837301250973	-14.2200154789924
-6.74233712555292	4.05102931277284	-14.2689060064430
-6.63094571747105	4.03237764444486	-14.3426575709574
-6.59851684261807	4.07012022919171	-14.2255189343779
-6.60769573733920	4.10383350335342	-14.0072218327866
-6.53850330449876	4.09980730906712	-13.9784892158290
-6.49597128184019	4.12194269800918	-13.8851520097250
-6.41163966257330	4.13908662854923	-13.8927062676639
-6.39335803917892	4.20580021846316	-13.7397461766918
-6.32835225806488	4.24998442746948	-13.6988632650238
-6.31189132984168	4.28201266471074	-13.5393559848473
-6.28529754453602	4.29245621183379	-13.4034882906599
-6.26376098046226	4.22608688130989	-13.2546184857863
-6.17263483986908	4.25347686922740	-13.2745417073684
-6.18496836065359	4.24103084684811	-13.0425976980862
-6.16626761329824	4.28637850581580	-12.8851631363213
-6.12796405964783	4.29320512141890	-12.7737174234976
-6.10652852945867	4.29413884882648	-12.6202910321774
-6.05038806967090	4.30540219499261	-12.5498887146663
-6.05782944143574	4.37937737980903	-12.3241229904404
-6.02987652220538	4.41992028831728	-12.1820196184023
-5.91338017135597	4.45442015428913	-12.2527713605607
-5.88864326013176	4.51957303575892	-12.0994640593794
-5.83857508596518	4.53905115484495	-12.0054682241402
-5.78610966171207	4.61048840376465	-11.9157617889156
-5.76083138802464	4.58203270282478	-11.7579747337284
-5.78143647330708	4.62326773394860	-11.4880458801391
-5.73748124236702	4.63904320786025	-11.3727382317301
-5.75754469037703	4.62232229226732	-11.1007443247639
-5.69229283340222	4.66414833201893	-11.0343919857786
-5.64704095177139	4.71308537317519	-10.9177121496223
-5.58628655115538	4.76867134489523	-10.8366826168442
-5.54376945415470	4.72972896429084	-10.7094777242515
-5.44860867623772	4.75847891370773	-10.7091172161115
-5.38778018796614	4.81509790694022	-10.6240015335462
-5.39233023729978	4.84247578879129	-10.3785842665261
-5.36407353948526	4.89873265387773	-10.2112298551386
-5.30812819301888	4.88222638887525	-10.1092095201964
-5.20133873666469	4.93292877449520	-10.1296279269195
-5.11149431030974	4.96508342874823	-10.1074266997174
-5.09998785995982	4.95327958192403	-9.89413860910950
-5.00189984285518	4.94706325856381	-9.89009187262436
-4.89003993152630	4.99360325764802	-9.91885250445195
-4.82494658449196	4.99832412213911	-9.83314686904560
-4.71581917881058	5.08696131014301	-9.85367914537432
-4.67581851702370	5.09347167017389	-9.70524825477830
-4.61328159371422	5.11842621996956	-9.61115596226390
-4.61617843305860	5.14791775140388	-9.35806968761024
-4.60177099939611	5.12308914466719	-9.14654522815139
-4.56964673077516	5.08123899806061	-8.97836101654760
-4.53697857708006	5.11502995370195	-8.81221114212630
-4.42971700365564	5.15226423823104	-8.82670669090605
-4.37706191596130	5.15698065424867	-8.70879755154781
-4.31431887802170	5.15710181127241	-8.61579812058417
-4.21959036382403	5.17697550482052	-8.60093880397649
-4.20908217731090	5.14894707044812	-8.38243409205340
-4.18500279741877	5.13638556700958	-8.19796769327678
-4.14665122258016	5.18765409072941	-8.04909637391525
-4.05792543032332	5.19316322548183	-8.02255747526605
-4.03088363295304	5.15627365676079	-7.84739699189708
-4.00757482204678	5.20940157662175	-7.66462229951253
-3.97297656221805	5.17850565959913	-7.50949524735802
-3.89292368862431	5.18260895903634	-7.46586541264443
-3.83058599329158	5.20000163222866	-7.38016830738930
-3.76594995773370	5.20818211998160	-7.30069678872209
-3.79654519481498	5.20285763603609	-6.99112434138980
-3.72625233529648	5.17309792338380	-6.92681882409208
-3.71156195739680	5.17424982488578	-6.72869968568434
-3.66479448546730	5.19350185419543	-6.60872932370261
-3.64495005540546	5.16890082261976	-6.42352161190456
-3.63191479520062	5.17579627378227	-6.22219106608559
-3.56464337692777	5.16688462261138	-6.15207685139673
-3.49840280387369	5.23528807229336	-6.07922292092292
-3.49512785577750	5.29672575363387	-5.85231902648236
-3.41362262196631	5.29294674536200	-5.81339873278403
-3.36689972508281	5.27722320783048	-5.68913873157165
-3.37399696030266	5.32636624680679	-5.43328380456175
-3.32543341235816	5.35996652844561	-5.31005758933028
-3.18542533539690	5.36229900847065	-5.40610337804570
-3.06666638429288	5.35841844826376	-5.44844898089788
-3.04780556927867	5.41636733978937	-5.24631737705510
-3.02226443594969	5.45390470285877	-5.05695777013238
-2.95912499452617	5.52792449412110	-4.95529336392986
-2.86546245531422	5.61901460938516	-4.92347271776472
-2.81355721260306	5.59949735818546	-4.78588678951297
-2.76101250764950	5.60461085138161	-4.64648589612624
-2.70853150814390	5.62190845079936	-4.50306763555235
-2.65183768085718	5.62511101728423	-4.36568285148660
-2.52409796813389	5.69282785631607	-4.39636116227441
-2.42153153031743	5.64156345481525	-4.36101539994855
-2.33142115855096	5.68522218828271	-4.29193535009380
-2.23191501364368	5.67778071823420	-4.24086592282939
-2.13640945768784	5.69553971841832	-4.17601337004464
-2.04948150586351	5.66614440940767	-4.08602728939148
-1.95321254519918	5.71259128693769	-4.01502980516845
-1.89796096077480	5.81132162418244	-3.84014487133759
-1.82245242434193	5.82174447044083	-3.70937213885135
-1.74618781458960	5.88722984773109	-3.57676329543531
-1.66425330558277	5.89794701054760	-3.45375992521408
-1.51363538620170	5.90998490240354	-3.49404355588857
-1.37590080985289	5.88285316940299	-3.50023264325022
-1.23369288496527	5.85446431571953	-3.51524213029128
-1.08584736970375	5.84817841553920	-3.54228880418031
-0.935267539715843	5.81347756053878	-3.57446103878503
-0.817629686131158	5.81743861387036	-3.52607913294647
-0.667252077911473	5.74003791891382	-3.55627192877071
-0.573680275600499	5.77854516108280	-3.44949901377256
-0.528361375643634	5.74876520218337	-3.22546272327255
-0.330085419224240	5.72009894688702	-3.37311477217131
-0.176039940239301	5.60561813356900	-3.41501552095065
-0.0547958464039848	5.53119433324102	-3.38043171621939
0.0859069017937820	5.48020955265549	-3.39597395809869
0.172943081243107	5.45772742288041	-3.28457280878070
0.300521749957579	5.34092091713752	-3.27462125817195
0.398979821647412	5.27645009473304	-3.19890090692228
0.538162213691244	5.20625231612519	-3.22642619030141
0.672521186959920	5.13257906945653	-3.24727266340771
0.827452009599209	5.05589585153262	-3.32340709492456
0.862384742247042	4.99183824577284	-3.11453381667999
0.972379556240325	4.91733436406863	-3.09353293706602
1.01178521581543	4.83356803785199	-2.90780936124353
1.07192003596812	4.79920986284541	-2.77903063462818
1.14556463717913	4.66940614708418	-2.68927458302617
1.27410694362811	4.58274350190941	-2.74024029719720
1.32463903697591	4.52093380212691	-2.60943338415940
1.39719017901119	4.44855708144258	-2.53909058159642
1.45749051216171	4.40297624792767	-2.44637927485763
1.52313500589966	4.35315500833074	-2.37366328453849
1.54735047393991	4.24524203270622	-2.20766834485915
1.56787218847195	4.17445261720616	-2.04057910513076
1.66684789616343	4.11034865784610	-2.07098552318415
1.69524524378930	4.07310113541192	-1.93757552698382
1.71006436177798	3.95948421625212	-1.77808631488404
1.73406848490966	3.90149332449288	-1.64855723388940
1.74560129490370	3.84929171631846	-1.49568419312880
1.81804152132507	3.80064770172498	-1.49710787974835
1.80600402138242	3.73422703537767	-1.30030359113323
1.78578625203809	3.66624535621222	-1.09025594557655
1.73710766675016	3.57097159216192	-0.817656117739316
1.65617919013771	3.52374796498845	-0.473472958460530
1.62736204498854	3.47372852083123	-0.261345859336312
1.62978315417351	3.39810004173287	-0.130525055269618
1.66003489719314	3.39858609820615	-0.0728953996214466
1.68076182404579	3.30797787838977	0.00321233798778353
1.65603683103430	3.26519831358693	0.183887341193346
1.67692259829145	3.18941275582808	0.249219894216561
1.68597262090970	3.13160434024518	0.338190576046524
1.64408030813759	3.03960081865459	0.545975881795462
1.64659664253888	2.99564824317006	0.641231905958209
1.63002705575687	2.91115905504557	0.778624211405738
1.64338508061296	2.87588132070840	0.839016911007733
1.57962192686285	2.83047771841259	1.08263761961997
1.56431380715411	2.74262397114880	1.20518890427600
1.50201650853130	2.71925735872279	1.43762141894005
1.41837472008171	2.71533230717694	1.71877974591981
1.41806667621880	2.70569297538910	1.79539979373461
1.42286785625673	2.68200865943119	1.85715734880300
1.42395093090655	2.67993917360178	1.92542193672044
1.35451451482187	2.69845224318142	2.16252721013929
1.34886236165623	2.61817925453388	2.24341908525205
1.22825286068039	2.60888793751618	2.60022261187661
1.19815653449505	2.58478741706998	2.73606837287244
1.13430963113510	2.57336089457891	2.95213271971956
1.07567434888462	2.60762843774733	3.15435195809399
1.04050801602508	2.69113214657803	3.29926900902937
1.02235513256239	2.77414467225534	3.40336495963431
1.04874838204859	2.79226650729822	3.40011599497057
0.978589896558876	2.80734824996905	3.63087250411262
0.924045567474819	2.79415697803261	3.82399401459624
0.842774890485048	2.81414225942760	4.08199777351607
0.720514049125744	2.80570592439339	4.44015137886193
0.704140348964811	2.80401630707454	4.54242048669461
0.672781966532133	2.81844426849989	4.68211317566395
0.652033961793483	2.88916581048274	4.79768077733397
0.602198664632939	2.95851851754591	4.98633705826680
0.505985515143045	3.08170689417625	5.29027997608052
0.440957420423667	3.14138166178789	5.52254874319710
0.423950650685222	3.18112317828070	5.64187539999552
0.362807754413557	3.28324424899241	5.87169400834838
0.323634052589312	3.35902711864741	6.05293359329767
0.333174809398893	3.48117061678656	6.12079569796406
0.325616595645850	3.57939168280316	6.23571952533376
0.301689756945440	3.64018630425569	6.39598618846607
0.237900376747146	3.75456645899543	6.65843080762050
0.221669054347434	3.84333045343672	6.81224748547858
0.158187809681779	3.84877879997468	7.08727024248878
0.0961616821675927	3.86168241785146	7.36479469849506
0.0861551152828929	4.00892941734178	7.52276181589903
0.0703973691172944	4.10467268603871	7.70326331899553
0.0163069228331394	4.20373611419005	7.98498100266130
0.0444488546019082	4.29596920334709	8.07613003941489
0.0340693919765479	4.36596137892483	8.26962896265356
0.0521720421728515	4.50493000967195	8.40314402679540
0.0636336460501412	4.58797436080778	8.56299509546348
0.0833879700156432	4.71753514173270	8.71258409302034
0.0998793414666864	4.85102705229689	8.88079204992935
0.139769466048413	4.95793961771673	9.00331524328423
0.154849349649869	5.14180343004550	9.19689044915719
0.181313606038760	5.33345742464974	9.37498575606340
0.130797961360484	5.55370530959800	9.75204845650693
0.170103814277696	5.71908092344645	9.92436012824827
0.184860578163660	5.84868712324011	10.1685404742094
0.211146770393522	5.93348015208090	10.3967841901743
0.325745783464590	6.07486760547405	10.4224742654802
0.496114046374216	6.20118265945440	10.3251694860998
0.592837995248306	6.28589022636836	10.4182260793468
0.701419886307446	6.41836414182278	10.4937662182419
0.806854354913052	6.50894637541780	10.5885941481747
0.985199089445713	6.64713611004967	10.5176266879170
1.09993061385292	6.78044980245227	10.6120602469027
1.25314861912324	6.91508056427917	10.6240641219089
1.35880196391689	7.06767853860104	10.7618413611133
1.42643217359018	7.19021509917730	11.0020986576326
1.50205990652203	7.32792709888734	11.2325006438188
1.61046259928460	7.50344268290245	11.3927336432155
1.78051327336205	7.63809965682714	11.4127970477391
1.92702822813862	7.73581739705085	11.4980688714559
2.13308912659290	7.78170612888152	11.4461413246096
2.26512366570996	7.87631966908065	11.5794651467771
2.49925570794749	7.99196004953771	11.4711818310274
2.64405032377044	8.12373544003854	11.5848651715166
2.74906033593112	8.19411451402470	11.7999836504452
2.94981982119591	8.29085880907555	11.7866577105791
3.16167852626166	8.29709922739944	11.7497374211483
3.34551401019817	8.37731001116307	11.7822470169882
3.49458464789055	8.41691501691114	11.9008429901628
3.67415210643129	8.53791355163489	11.9462560065424
3.85365309886161	8.55691223977077	11.9930252487814
4.04015626393665	8.59783372571979	12.0221869576735
4.21827562521479	8.60856235011583	12.0708017185162
4.38256851702741	8.65642880070018	12.1512104440278
4.53045538088150	8.70545814187955	12.2697150887237
4.65364114204238	8.69943604844590	12.4460646236530
4.78928083003606	8.68862536713137	12.5891960485988
4.94547318225833	8.71666231996261	12.6791467653805
5.13024489970890	8.74836253979288	12.6967175751132
5.25127181893010	8.83335107133515	12.8655102905763
5.36444294708414	8.81841266589271	13.0506099530195
5.46259211008320	8.82975171661230	13.2680339231879
5.57613100580606	8.82189620207744	13.4443721100499
5.72318928798795	8.81462847880586	13.5354381504782
5.83235552415210	8.75651370791031	13.7143328508821
5.95433683313141	8.72217127112443	13.8575782120074
6.06359157880829	8.70696384514838	14.0274675407678
6.16446865216246	8.73586262408516	14.2138205315680
6.26821600088247	8.75032711154042	14.3900789183063
6.40283803589404	8.72412082576891	14.4883485670034
6.52306638261893	8.78380822458933	14.6179915367428
6.61179309136877	8.79910787126924	14.8217390768822
6.70075460093229	8.77612184297361	15.0223119195302
6.80994660410079	8.80580721061026	15.1709704167020
6.88025728247481	8.79835127174781	15.4118500641997
6.95580597408373	8.81103627772621	15.6377662236840
6.99342045834091	8.84763376482471	15.9538220163494
7.04551023513095	8.85545850420346	16.2335233620375
7.15234790150082	8.84747295521274	16.3791144901036
7.22149956307494	8.87824416263863	16.6146063372636
7.34618477335128	8.89811747328716	16.7147474755867
7.45735801585060	8.83045890127304	16.8469010930674
7.51951459546920	8.83729044837303	17.0961603882448
7.62207588071786	8.89511467161789	17.2469080093286
7.66536145250959	8.91624193880190	17.5415226209316
7.74222864879195	8.88932096147243	17.7546426586066
7.79684610772790	8.91847360648910	18.0211140270172
7.86507535146425	8.92173124270325	18.2548718374307
7.99021403214277	8.95203827290656	18.3507792617031
8.03492784437836	8.93219606920076	18.6421290514275
8.12639863661627	8.95446586824817	18.8201671258854
8.17209160855935	9.00755598960196	19.1098066288455
8.24630768970468	9.01518905520272	19.3314803056961
8.37832126817206	9.00032104325697	19.4137714431366
8.41637771256669	9.00941965879299	19.7242764706547
8.52169265325548	9.02830720298228	19.8726852845618
8.67644093767280	9.05398732573117	19.9024160363029
8.68373589886831	9.08388433803852	20.2908043106146
8.73405097245729	9.09700019886639	20.5763868053193
8.83924502866673	9.17613938237411	20.7303230801619
8.87565748866555	9.25160485408184	21.0532467838967
8.87365910665853	9.24206841210599	21.4716151610589
8.86693730336713	9.26108706776917	21.9028352234527
8.97745967273634	9.33070447880268	22.0517955041965
9.10077975455530	9.35939927738173	22.1723598911381
9.22220738679274	9.38783195083834	22.2996783396968
9.35409875262600	9.39204624392518	22.4038619963244
9.40944991381777	9.41302056937484	22.6955235169397
9.50310240383499	9.42275006704687	22.8966196484073
9.57980034658455	9.46683439758910	23.1409919196702
9.64666113290886	9.50725371860762	23.4118886918578
9.74443911964779	9.51021594016880	23.6105525666557
9.81664362964457	9.45410132192590	23.8734677754714
9.86751271384879	9.53716427087661	24.1896619050958
9.89629086258309	9.58898467505072	24.5627838567841
9.96700598273880	9.63455842481543	24.8373162705635
10.0374543469234	9.64944591433014	25.1155067310917
10.1081528575607	9.73798747714497	25.3957465773656
10.2836177200761	9.81824892014468	25.4256890067414
10.3775302067014	9.87673117039528	25.6567831703578
10.5424769197463	9.92074406722635	25.7189456499297
10.6377055676945	9.98100502885134	25.9531090255737
10.6695530539242	10.0430292092881	26.3441257600208
10.7498948862552	10.0379872598978	26.6209061971038
10.8542687222243	10.0105789328440	26.8419046310929
10.9591387629323	10.0072128282515	27.0638801401289
11.0579481364236	9.98668401478381	27.3030242697843
11.2081076702847	9.99363416672663	27.4199703920219
11.3042885044762	9.94632470188119	27.6703171618035
11.4465330399798	10.0345677174876	27.8108953673160
11.5869226280081	10.1095065263417	27.9595290867184
11.6892075534451	10.0660555941942	28.2038698115855
11.7294117381666	10.0564562374302	28.6005033070058
11.8042362654910	10.0933410553257	28.9154911898258
11.8647684831773	10.1532673494117	29.2679568629413
12.0293203826228	10.1937011104522	29.3714331240224
12.1273576573249	10.1671694122681	29.6389284406520
12.2518571924027	10.2001187066391	29.8442075386800
12.4337235665426	10.1250774444647	29.9130672948839
12.5167404153278	10.1570441457946	30.2226636959866
12.5943982940734	10.1722412040947	30.5477079003685
12.7122754206679	10.2868030634018	30.7774663808827
12.8309791948760	10.3075041202390	31.0085948290970
12.9914567483146	10.3486172839467	31.1405750166499
13.1568077841322	10.4077663550087	31.2629878370901
13.2787122830316	10.3978373286804	31.4930497227176
13.3795649648221	10.3932879230428	31.7754957206202
13.5948180022424	10.3743411370181	31.7819971046836
13.7336535825102	10.3952246212701	31.9746822702009
13.8941468536119	10.4281634249444	32.1162090532950
14.0394496858874	10.4606528061868	32.2958782796135
14.2033920088647	10.4527748403835	32.4315319904217
14.3966162108232	10.4479241885286	32.4966912759845
14.5032337485084	10.4495413894609	32.7720738641182
14.6685879745233	10.4859278956847	32.9053361622057
14.7992573538011	10.4876483493551	33.1231519229947
14.9724096782828	10.4831340364903	33.2378737123314
15.1738421460999	10.4586608829094	33.2836464689354
15.3265591531492	10.4146507352304	33.4466120527893
15.4869252353257	10.4266235789118	33.5897172113674
15.6489754841611	10.4335931301857	33.7279309854775
15.8164955494106	10.4269409201005	33.8518180739824
16.0759153089363	10.3944634457163	33.7515342944359
16.2324410399574	10.3978314979053	33.8986323469926
16.4080991710790	10.3116876216069	33.9976290103734
16.5645681898391	10.2833285151662	34.1400829559433
16.7067787143286	10.1794857660663	34.3146054962222
16.8715917289401	10.1401025394682	34.4307443300011
16.9655564156082	10.0837037237669	34.7156501482395
17.1027007282863	10.0055908577435	34.8926222171332
17.2057442356659	9.97470894785582	35.1485596770508
17.3679786587306	9.87412291844617	35.2578500428322
17.4824721263105	9.79463276415700	35.4786564004489
17.6027827911041	9.71907393159169	35.6813472075275
17.7256870047541	9.70440768821315	35.8737021435458
17.8134414033686	9.62311100403535	36.1478948368688
17.9665500225302	9.58051977547610	36.2594432348864
18.1235168958611	9.56514251519864	36.3578150477665
18.2367722058067	9.49057530780371	36.5585827402743
18.3492747603344	9.39005017266013	36.7568397614674
18.4761207271147	9.29333353309595	36.9156392593459
18.6242678189841	9.26170154348253	37.0181349187037
18.7170877557140	9.11159738011324	37.2508344247328
18.8608655021172	9.09500881099448	37.3546257803413
18.9711691233554	8.99184303090689	37.5358064628140
19.0854725878732	8.92575132751050	37.7024386877142
19.2173671455440	8.87290847855980	37.8220366194137
19.4056050765909	8.77593112848947	37.8008229923217
19.5636702388347	8.68208588382455	37.8478734811096
19.6229909611201	8.57153059050808	38.1293788981321
19.7375445174258	8.49758214960241	38.2719392021084
19.8292183302609	8.39461049303677	38.4653144520757
19.9566781962994	8.30874683470081	38.5669328939224
20.0648054785337	8.24927416891281	38.7105641414520
20.1193799394719	8.13230879024962	38.9794481331051
20.2035394273558	8.01220136960954	39.1713478073473
20.3270008174332	7.89069375596482	39.2626495982084
20.4352305431873	7.80806081265117	39.3854606780045
20.6301497030652	7.72971106654336	39.2932093636079
20.7765144596918	7.59478268850486	39.3136525664661
20.8264410535869	7.48329875215253	39.5620590727253
20.9668941419081	7.38195467424449	39.5855653148764
21.0584973094940	7.27478303395432	39.7220422874908
21.6580684216757	-7.56399619557682	39.1717419933169
21.5145300062754	-7.72099022944071	39.1310552229396
21.4221269427937	-7.86669623432086	38.9557516595848
21.2610223732903	-8.03175271010768	38.9364549595707
21.1559554619420	-8.16406580918320	38.7706880422357
21.0342581738342	-8.21214574108264	38.6350882160739
20.9392137999874	-8.41022013501950	38.4259516578424
20.7651641699765	-8.57320833103239	38.3976027185269
20.5631376741794	-8.68059434016687	38.4270148349033
20.4199994214706	-8.85789975332451	38.3046057855787
20.1932295998371	-8.97136191256958	38.3751483303425
20.0093252928098	-9.12189004413617	38.3331601949870
19.8506627699932	-9.20779337706277	38.2211833622901
19.6849903041154	-9.29481935682688	38.1185056737526
19.4760648674411	-9.41107861438080	38.1132722226794
19.3409379050826	-9.50016380459138	37.9217731440290
19.2238222832623	-9.59663642894673	37.6798979247555
19.0877834924879	-9.63313267947762	37.4774045930076
18.8705017078110	-9.71159042850686	37.4664477355596
18.6947187819613	-9.82287476710114	37.3494104465494
18.4834742403864	-9.85896188782539	37.3127951528493
18.2214923862164	-10.0031761126466	37.3949905089026
18.0661583892526	-10.0358981265874	37.2136207254229
17.9370943452020	-10.1026056576511	36.9653105935937
17.7798761415675	-10.0778317794312	36.7819228334710
17.5995241565556	-10.1185154273656	36.6528519114786
17.3514820683262	-10.1038080921916	36.6856731477039
17.1772056772506	-10.1436398168721	36.5386979000739
16.9634998628056	-10.1562857847970	36.4860012531506
16.8229346225003	-10.2087842803324	36.2555299265754
16.5839425929890	-10.2848758116734	36.2629983968031
16.4300158600001	-10.3159705314779	36.0638204846242
16.2691158898711	-10.3415135920879	35.8820333260896
16.0992256579219	-10.3323102766299	35.7229841323090
15.9183984932194	-10.3622669094253	35.5922166977394
15.6761473923023	-10.3441662425929	35.6119791374671
15.5114468487507	-10.2967720344876	35.4464545505181
15.3156228570608	-10.2353030731666	35.3597619208920
15.1713259771056	-10.2157751120571	35.1521213831992
14.9923127877461	-10.2017150272362	35.0323506886508
14.8470736374038	-10.2616896138669	34.8347075023770
14.6989883356215	-10.2747656398207	34.6473031842128
14.5599933528458	-10.2390142925096	34.4420795297844
14.3731768000727	-10.1505003060824	34.3578454198114
14.2680005822125	-10.1573822182882	34.0817573935704
14.0640745612415	-10.1739544924724	34.0500157323403
13.9390841892229	-10.1149320604120	33.8320740558108
13.7334477588336	-10.0726813211508	33.8158358297111
13.5677633617596	-9.98269533817286	33.7089839097734
13.3849671183883	-9.92634955983052	33.6505760406338
13.2163988528351	-9.83437426030877	33.5643615521012
13.1348045229218	-9.76750978138981	33.2745870235832
12.9670378901776	-9.67238831719180	33.2006245363394
12.9079590811960	-9.60052765309120	32.8706129428427
12.7415732578580	-9.54418313749922	32.8077422200545
12.6123072594908	-9.44665054323862	32.6617801796861
12.5549218756041	-9.42143580350584	32.3489736169206
12.4845380830401	-9.32017203253525	32.0740387917596
12.4074822193299	-9.23871748083168	31.8225013186356
12.3586190717612	-9.21441559371576	31.5094862732589
12.2333908372794	-9.08296115935745	31.3875235292337
12.1483956562937	-9.00303554904901	31.1752323116970
12.0576833428715	-8.93967277962291	30.9831494712997
11.9434580151136	-8.85993423237195	30.8540014007470
11.8921615507724	-8.80033927179501	30.5782906807226
11.7701635822103	-8.72501660035351	30.4793947590554
11.7311787119574	-8.65447010621737	30.1847358581282
11.6206091707901	-8.55971236444192	30.0686753981607
11.6028051151825	-8.52813810720771	29.7329410085155
11.5639238734332	-8.48048455964742	29.4523519577900
11.4522940219532	-8.46008226194279	29.3520482080943
11.3297176650667	-8.38949101598702	29.2816284751507
11.2941548689479	-8.32089922429611	29.0040464924074
11.2681353698768	-8.28680254441857	28.7067396546105
11.2148030323871	-8.23073404398273	28.4782908967538
11.1366206398092	-8.17096599378894	28.3127178349612
11.0646340002286	-8.07159803676767	28.1345482008865
11.0303475190923	-8.01531213066992	27.8676589255190
10.9965605669037	-7.99774406379017	27.6013867867977
10.9263985994613	-7.98743181279978	27.4243388030413
10.8601794046625	-7.92707677623639	27.2384572766192
10.8303629329824	-7.99448702768379	26.9654653760597
10.7499617019509	-8.01389685924494	26.8143236608139
10.7029432707864	-7.94333280806582	26.5819139208524
10.6508306652673	-7.95752105245454	26.3624117119184
10.6045254325213	-7.93372014710249	26.1281120208402
10.6123916700091	-7.95347507032455	25.7620788408703
10.5279289255465	-7.91274365035663	25.6186128431899
10.4615042376604	-7.95902012230822	25.4308244614963
10.4252633026163	-7.96298112612821	25.1680179383455
10.3917925294061	-7.98238212305091	24.8970122114188
10.3706151394289	-7.94730576540072	24.5943805389349
10.2722506664144	-7.97025216881712	24.4775397661280
10.2285807072939	-7.94140755633520	24.2260215264863
10.2007657740424	-7.89714158398940	23.9345127527224
10.1916462382670	-7.86759712816007	23.5962258838028
10.1253582266850	-7.86073739818983	23.3947485478816
10.0993482989465	-7.80147061478509	23.0935619965288
10.0433332584972	-7.78155221310886	22.8636197046523
10.0139622050161	-7.79634202740876	22.5670988611716
10.0108960914502	-7.83476684726002	22.2043612712363
9.96368147210689	-7.80107611688798	21.9458440927914
9.88841622488072	-7.76231362610211	21.7534613171222
9.81424794043761	-7.69619866939333	21.5566807255393
9.75914319358545	-7.76261681744411	21.3123705359967
9.67623056918873	-7.75597470732701	21.1325248489743
9.59080797035954	-7.81992639978264	20.9568576772015
9.49096583412313	-7.79362183669081	20.8134575509266
9.37742598322399	-7.82032963100488	20.7018597684896
9.24426181334297	-7.86769926678009	20.6359183982711
9.12012491781989	-7.89606527474395	20.5461154325613
9.05125984231851	-7.88411476651293	20.3208069379763
8.98806008583813	-7.93709592191320	20.0809167759529
8.95385759690581	-7.91903992986545	19.7692624724634
8.89217710520259	-7.85374612403882	19.5238073352782
8.79360260720578	-7.85468862043877	19.3681771558898
8.70116990242416	-7.79781367049730	19.1974600164019
8.57589713692711	-7.80034080341031	19.1071049311066
8.46857043875078	-7.78284055281385	18.9735265669789
8.36320295347227	-7.77203401762105	18.8359773602689
8.25787977250859	-7.75341643542799	18.6992632297845
8.22715589864405	-7.74690337507401	18.3830353204101
8.13209116151109	-7.67836795029379	18.2240929393729
8.07871430716607	-7.68642729327278	17.9664725385332
7.97722788158121	-7.59672597855344	17.8270443274612
7.89149117448667	-7.63842955194136	17.6524857110045
7.80739534741563	-7.60697107328762	17.4755184062041
7.73732605004745	-7.64191119692698	17.2672259157356
7.61639419079293	-7.63185197787007	17.1841836794949
7.54450519847596	-7.60964051923229	16.9849748594531
7.46812104599984	-7.58813510078500	16.7996187527562
7.39764121473799	-7.55490363731453	16.6029840904648
7.34423950634278	-7.50807758309960	16.3681928727584
7.26826205373449	-7.51454435580693	16.1915451347835
7.22771444417401	-7.47229263788850	15.9317815667709
7.12939395047529	-7.49625954903373	15.8153699893296
7.05315602214482	-7.48863668671263	15.6478820820503
7.00351153776088	-7.48266637012749	15.4187035304940
6.93990206294958	-7.47633028642694	15.2259891782401
6.81929940343419	-7.48725811004624	15.1738815388324
6.77085364517690	-7.51058360184239	14.9489982261847
6.66752201105791	-7.47500946529426	14.8588870787577
6.61765558999817	-7.45432483607754	14.6414827679569
6.56028439703303	-7.45667554407852	14.4441188768902
6.56545820492526	-7.42830629961472	14.0964605924904
6.52323990316901	-7.41924640715481	13.8650368835815
6.46629905355926	-7.47123488030182	13.6701163054466
6.37529243104534	-7.46688021598466	13.5574967444113
6.29214237776618	-7.47384658559015	13.4259849429845
6.28457245361299	-7.50672500025832	13.1109904122000
6.22137295381535	-7.47263497531020	12.9298471301318
6.19957453462497	-7.47631961531581	12.6479124553553
6.13023537454275	-7.48677625800982	12.4799387364054
6.08556398732415	-7.57099509397385	12.2505251623918
5.98929415271697	-7.56607519385774	12.1432748054686
5.92676713348171	-7.62306289650472	11.9522097249424
5.86828342432786	-7.67044339839299	11.7482603970235
5.85863108263823	-7.66275943875328	11.4227468649302
5.79192155537007	-7.69722003756974	11.2327528320627
5.74282912134334	-7.82951285176913	10.9965535972851
5.68079671144443	-7.82303629965373	10.7867828967839
5.54036344573553	-7.90395682389842	10.7636991538506
5.45799236535452	-7.96440708849971	10.5953629225169
5.36277754586975	-7.99478770734028	10.4538010653213
5.28282780368452	-8.04587965659676	10.2712166475927
5.18478317263322	-8.05273903957223	10.1281724784354
5.14872343152773	-8.18540918166940	9.83115442760490
5.08409849143058	-8.21121672900984	9.59804398229352
4.98278143968804	-8.22644901014952	9.44994482865551
4.90745507605809	-8.24878513340426	9.23516853161578
4.84701639773506	-8.29608433441401	8.98065306455410
4.76854288956326	-8.29876160224884	8.76601120667107
4.70579129642056	-8.33612263945288	8.51016229498260
4.61465693562109	-8.35049663212330	8.31974602744507
4.52966206417178	-8.40279428829156	8.11160048675925
4.36476381483264	-8.34681834154070	8.09401547081315
4.30859783514004	-8.36446512647532	7.81145911273012
4.16956134349713	-8.43967999881976	7.72762930915773
4.04951245208595	-8.42779258781614	7.59521815649244
3.94149283057398	-8.44828702021863	7.43248733799650
3.84173111465200	-8.40204044185290	7.24845569899907
3.65726673567645	-8.35362337200319	7.26955768690301
3.51753699929575	-8.40757145424981	7.18242791159953
3.42872737439481	-8.40424473072048	6.97107509900169
3.35163979589318	-8.44490875296640	6.73149120241677
3.26380692370867	-8.45241551130386	6.51781363265208
3.10058037659914	-8.46797590514168	6.48737821683947
2.98310409060438	-8.49341673879132	6.34671817582803
2.83176454606251	-8.47648725800665	6.28887474920163
2.73685659602454	-8.41673076655372	6.09574365656955
2.62527032357909	-8.35128770607304	5.94521858653911
2.45559841673016	-8.30949874001995	5.93786765816803
2.43455832486770	-8.30874659879297	5.57252292326617
2.31700763791763	-8.29860941422159	5.44286198372481
2.19710388518225	-8.32986935276976	5.32086448141740
2.12128437299970	-8.27925441375587	5.09350555359896
2.00040210775502	-8.25530956419560	4.97788901852182
1.83926495559759	-8.21972304782044	4.96202229772851
1.73574647968390	-8.17668531573924	4.80883849737844
1.60652140008155	-8.11623970446500	4.72033777130832
1.55499332967702	-8.10264498975427	4.44607018962886
1.48933902884953	-8.09419481925062	4.20788416141577
1.38545315114495	-8.09542136955241	4.06401781691273
1.27034535580062	-8.03696253311346	3.94877027074419
1.15526914481277	-8.01220794436897	3.83550340729984
1.06793910961195	-7.92090273134721	3.65649123716948
0.908487081797232	-7.94079977241673	3.65447691833498
0.797288154989454	-7.89670924983738	3.53618267929833
0.723629486367639	-7.81532009517622	3.32824515887550
0.583052085155836	-7.80652337206986	3.28415207724948
0.542805654069638	-7.75742023951568	2.99750088107338
0.394662516605894	-7.68914964721356	2.97331227268813
0.297185149932488	-7.64387166999202	2.82741542925947
0.207808418341628	-7.60958378567607	2.66256288663680
0.134744359215560	-7.58501855399367	2.45859778480897
-0.0146948085576784	-7.54046847804521	2.43993002281369
-0.174985068096952	-7.51680120850177	2.44794188016460
-0.282483868724465	-7.47336649632068	2.32808268462830
-0.346311134723694	-7.43949206562810	2.10266284838429
-0.420854680683836	-7.48063042445905	1.90333017905725
-0.523684364031320	-7.38615661192172	1.77168835412615
-0.632535023963567	-7.34891678322216	1.65549698271989
-0.750796296441936	-7.31035956683511	1.56227344669534
-0.861386040177695	-7.34679953545385	1.45068587742814
-0.964185299657254	-7.27335847928440	1.31956450741596
-1.06571374714573	-7.24818213188450	1.18618911752456
-1.17432389939272	-7.09357399811606	1.07029566601702
-1.27333696737981	-7.08917146615775	0.933230006170110
-1.35753256506789	-7.03480701398574	0.760580735217411
-1.47041492561280	-7.07203087511426	0.658577916999588
-1.59149771209789	-7.02051251775037	0.576595123682505
-1.74575176861866	-6.98120587286624	0.576486660812291
-1.86583551740336	-6.96388161063825	0.495125345092354
-1.99162486712153	-6.89552559672002	0.429121047996576
-2.14162664712582	-6.82888178059628	0.424233396376882
-2.21440653866650	-6.72883761975660	0.234883382769201
-2.28718188434298	-6.68329012081397	0.0489086732360672
-2.40615500890745	-6.54121043999081	-0.0221295736573380
-2.54003316337229	-6.47874225037764	-0.0525449373972722
-2.62649741767433	-6.43027867208369	-0.194061051327028
-2.74818322834338	-6.45091520356148	-0.246262452307426
-2.89077867531294	-6.39201473622033	-0.244381625205618
-3.02886478151114	-6.29124557702182	-0.248671728084757
-3.10809621140257	-6.14221622777822	-0.389968784127775
-3.25074208791125	-6.10418533243815	-0.370999775054744
-3.37913202619475	-5.97627991978433	-0.381071150043675
-3.48777840828837	-5.86960260476498	-0.432001569162695
-3.56498007707498	-5.71917428183512	-0.552091609390999
-3.60800154579159	-5.59331987735247	-0.747109250905775
-3.66052679034593	-5.46695248179700	-0.911209281081682
-3.73259979446354	-5.29266122270221	-1.01976908093258
-3.82711806445473	-5.20434435164704	-1.06488952013687
-3.85191682548086	-5.05870182896574	-1.27077139796908
-3.92890603769142	-4.98917406335043	-1.34100330184709
-3.92945225208069	-4.89017296824692	-1.58809815284209
-3.94820150029862	-4.76261741611021	-1.78213195584978
-4.04600829832776	-4.69166864792657	-1.77511387100715
-4.03116213282985	-4.63571836943464	-2.03225405568861
-4.06409759215518	-4.53262208765880	-2.16483179658577
-4.16523650823259	-4.43420797158558	-2.12269858562824
-4.14904030925813	-4.25816789447734	-2.35553832878558
-4.15805370949556	-4.14357873641424	-2.51691018048240
-4.16763052048096	-4.03017749810451	-2.66737772323770
-4.15753417348214	-3.88784577840885	-2.85608416148918
-4.19954274746754	-3.77061699679168	-2.90882104521873
-4.12871203100230	-3.67223483548725	-3.22580819056036
-4.11778124067433	-3.59876162231709	-3.38883712419147
-4.09195610566676	-3.43333248954375	-3.57972433645349
-4.10275456248451	-3.38644782999770	-3.67270090903876
-4.11591472447777	-3.28991830815533	-3.75258113831308
-4.07776971467898	-3.19105256958548	-3.94910194736125
-4.02085760577568	-3.04705253827973	-4.18371665051014
-4.00710896653251	-2.95057927515617	-4.30613266138260
-4.01292646741910	-2.87382842024273	-4.37452448494515
-3.97694621650787	-2.78539200237009	-4.53825362516801
-3.94731236942166	-2.65844946362579	-4.68090635117397
-3.87004361429393	-2.54831380707752	-4.93325733090860
-3.78474201589146	-2.53124751865228	-5.19999813429756
-3.72239603992382	-2.52943233431598	-5.40767731451633
-3.70242873198960	-2.45157600473302	-5.50988397930771
-3.62616153189157	-2.38802122622387	-5.74526993657682
-3.60793373562498	-2.43286843469668	-5.83737272094775
-3.52824690370795	-2.43990705125464	-6.07764021537485
-3.47789890888647	-2.36470940153677	-6.24600108291043
-3.49381174746897	-2.30337294728426	-6.25238181568908
-3.44611673494540	-2.27910757306090	-6.41212902823316
-3.39953650341058	-2.35838754454800	-6.56927338872242
-3.34156641085859	-2.29339651971695	-6.75585155818935
-3.30673320289325	-2.31722741435330	-6.88676145438713
-3.29883351098250	-2.30664692760387	-6.95431004551423
-3.29584568328363	-2.31339428779756	-7.01178578969175
-3.29106330024556	-2.28443584359955	-7.07599171816139
-3.25007738723059	-2.27534863931449	-7.23017973056167
-3.21922028408514	-2.26903382339419	-7.36261158343100
-3.18987499745897	-2.26903644293911	-7.49448552951551
-3.16389308559853	-2.30642570911174	-7.62164801201351
-3.14860070294747	-2.30060425478244	-7.72704571497078
-3.09898872462502	-2.32823121247084	-7.91941672849462
-3.04660864111661	-2.37403304459429	-8.12290410552782
-3.00760185241283	-2.47645675729353	-8.29878451852861
-3.03999686734716	-2.56092382208322	-8.30727292873184
-3.02429894119651	-2.58057941330976	-8.43783782941965
-3.00487518905899	-2.57685701870149	-8.58220164394942
-2.99511579016557	-2.54526162942486	-8.70766879585873
-3.07270241217964	-2.58304208903035	-8.62563708488491
-3.03021977940712	-2.64825863153884	-8.83964901425848
-3.05949310011309	-2.71372506575383	-8.88511877285104
-3.04615464326550	-2.72356212515100	-9.03917541818595
-3.06786253273165	-2.74304606154647	-9.11282858988358
-3.08612453078210	-2.77255626204979	-9.19939047401298
-3.09152835468457	-2.81250597687991	-9.32167843022791
-3.13967860141343	-2.83160254658244	-9.34492543516119
-3.16997512388580	-2.94426721524453	-9.41557424471431
-3.17485315993330	-3.04529609722027	-9.55297103748170
-3.21057176979312	-3.04029200975804	-9.62044380375751
-3.24782670659287	-3.06497900265193	-9.68747908052909
-3.24179684920915	-3.08735852081680	-9.86288138806517
-3.23076461913629	-3.14462530479031	-10.0536486386622
-3.26373533568557	-3.15885253190313	-10.1412640617349
-3.30278698962882	-3.17842099826035	-10.2168852376639
-3.33829668510970	-3.19616490262195	-10.3036917651953
-3.40082890156350	-3.27811909505268	-10.3273764732792
-3.39332394295898	-3.30194765793548	-10.5237797450523
-3.46449068605757	-3.36611210237204	-10.5315697742051
-3.49454567286312	-3.32277200276673	-10.6413740336773
-3.53042301482391	-3.42337938819073	-10.7379022614017
-3.59834280622822	-3.41684526020152	-10.7592663866094
-3.66571917051025	-3.49083144769712	-10.7829172426671
-3.71362253267583	-3.48318275812351	-10.8555969195330
-3.79932438135167	-3.47473870206338	-10.8373272034799
-3.85476543330576	-3.49104901721565	-10.8929087852919
-3.91322463894134	-3.49602225675646	-10.9418790711931
-3.94680019378090	-3.52872579250373	-11.0516095771764
-4.03595218089946	-3.52944426839846	-11.0273564288984
-4.07513554466479	-3.56705999111970	-11.1244168173233
-4.15813385232302	-3.56000732170543	-11.1158847277851
-4.21275663455319	-3.57062686185377	-11.1760745527181
-4.27190600014775	-3.60248502565082	-11.2253987359973
-4.33788696885488	-3.60724102067677	-11.2584766155357
-4.35871813587401	-3.61244247213620	-11.4008868310178
-4.43110894633355	-3.65005771279935	-11.4182048017770
-4.42234516271318	-3.65079747351113	-11.6324370519780
-4.44254174680755	-3.69158330663747	-11.7762120208889
-4.53527226601473	-3.66765848514425	-11.7444008833957
-4.63779826307049	-3.66387112982862	-11.6881776461245
-4.70763360098577	-3.65744453740216	-11.7106987229334
-4.77261844765396	-3.69745725934647	-11.7443987828717
-4.78195676890358	-3.69917742756791	-11.9129261153314
-4.80041042326665	-3.71003629453860	-12.0588082504419
-4.86279698554199	-3.77882606169729	-12.0977498550268
-4.88067129300941	-3.76361337159079	-12.2448031465396
-4.93389637313547	-3.79206287728314	-12.3053204099751
-4.96807266843776	-3.79405160398629	-12.4116695262935
-5.05977927308546	-3.83440378835666	-12.3778934842117
-5.08460812245368	-3.79765819183615	-12.5059617366180
-5.16877997879468	-3.79734582454243	-12.4889744287818
-5.23071195585008	-3.81318359743790	-12.5250995624550
-5.28675738222665	-3.83042672601769	-12.5748978410989
-5.33212628322112	-3.83958201192207	-12.6499991524685
-5.44160283868026	-3.89811563290458	-12.5690669113343
-5.48066376272179	-3.87526940501751	-12.6587635935102
-5.53640286104674	-3.84170392383867	-12.7070069637484
-5.57481697019471	-3.87022919286514	-12.7961129738030
-5.58219185120254	-3.88966839630429	-12.9601619886470
-5.63329337250193	-3.90364072802500	-13.0179103001602
-5.63501302282680	-3.90855758147840	-13.1950202820203
-5.76211876224688	-3.97750040635310	-13.0678961792451
-5.77786503407835	-4.02454234447189	-13.2111900447765
-5.85462460947972	-3.96147764404358	-13.2069517421165
-5.93967298809199	-3.92834613712349	-13.1816558191414
-6.04972223124991	-3.91241958244837	-13.0952576762359
-6.09455122440227	-3.90290939178250	-13.1667101533041
-6.19033970003282	-3.89513880672105	-13.1146132688335
-6.22709023420320	-3.89854568639907	-13.2056641376398
-6.29102278309698	-3.92216753215836	-13.2311382724413
-6.26261885271671	-3.85340744287944	-13.4810537903640
-6.37137232341537	-3.83815329406255	-13.3981518640509
-6.44970119376133	-3.82655972342541	-13.3893379831102
-6.44233460682373	-3.84172422293923	-13.5886806023712
-6.44395520372431	-3.89844749928356	-13.7671382706665
-6.47961836170503	-3.86564275813151	-13.8646042035401
-6.51452992794751	-3.74697751398062	-13.9643407464472
-6.61985557083264	-3.71146038465248	-13.8928347411997
-6.66967057950393	-3.73287737493238	-13.9563513426126
-6.80390273481639	-3.72365464867413	-13.8164976320192
-6.84264704771397	-3.76923721887493	-13.9088885723857
-6.85987870494582	-3.76726038300271	-14.0549293793275
-6.94599319867333	-3.75476816474077	-14.0349336607971
-6.97958217165710	-3.71992139698688	-14.1429817866964
-7.03298517780155	-3.68395440657341	-14.2034311767413
-7.08052397718094	-3.63205153397185	-14.2784498800620
-7.11618804706984	-3.55681918569204	-14.3823371390745
-7.21991075733426	-3.61076213305158	-14.3209914054767
-7.27470512626501	-3.60014640231375	-14.3794687214695
-7.34291406633542	-3.61388264135801	-14.4057405610220
-7.37840585596784	-3.62480807690236	-14.5117961509213
-7.40645715718959	-3.62133045754998	-14.6362139483839
-7.41767516166847	-3.58119729310879	-14.8014476373301
-7.49449227185219	-3.52676866265405	-14.8071152444396
-7.56440257003050	-3.43323126799112	-14.8285988042034
-7.69093532531257	-3.40816418281130	-14.7112547684298
-7.75493024293071	-3.43336272441460	-14.7445484224343
-7.87444977832369	-3.36503597976808	-14.6427885618553
-7.83790422897106	-3.38539405585757	-14.9173996217706
-7.89400910762531	-3.34205372882465	-14.9665598313920
-7.95443717312092	-3.25463768945212	-15.0033598437044
-7.97944228177668	-3.23787133595738	-15.1233886808257
-8.02856488689364	-3.18157157812313	-15.1830712885956
-8.08063659525723	-3.12253985695825	-15.2330416614526
-8.14172381639338	-3.05361023645568	-15.2583951075309
-8.22004223783886	-3.03030619050490	-15.2389289503835
-8.22171736644580	-2.95001363542124	-15.4025745218805
-8.30505613624924	-2.86129952190556	-15.3648027278364
-8.34982516691686	-2.83012009662949	-15.4167625279117
-8.39453945845765	-2.82346300753637	-15.4657088384574
-8.44063701897708	-2.71177126686816	-15.5083524480460
-8.45233247451992	-2.64621003573444	-15.6299872164852
-8.50440074076690	-2.57499531582296	-15.6498879124913
-8.54229061471189	-2.57304288881004	-15.7001077391480
-8.61935732598052	-2.59074111076063	-15.6521351975722
-8.65085892440138	-2.48644705406297	-15.7115228685803
-8.68161422701399	-2.43432657342341	-15.7680429813296
-8.72560997543897	-2.35657232745564	-15.7884119908099
-8.81410218256335	-2.31482523539202	-15.6965052109501
-8.83632058045296	-2.23827557854892	-15.7611862406471
-8.86611585332052	-2.20372532906567	-15.8029937394371
-8.84956507042622	-2.08022928981131	-15.9531225442199
-8.90776710286682	-2.04145065605762	-15.9169368206732
-8.94373940747952	-1.98981710764932	-15.9305271039987
-8.98867384246184	-1.98909039602815	-15.9181022155357
-8.97979097535434	-1.94551074810101	-16.0324310645620
-8.96133849371336	-1.89028753937827	-16.1657204667747
-9.00446653722787	-1.83028841164669	-16.1453783268927
-9.00274835005700	-1.75955690476782	-16.2292574013773
-9.03815452867710	-1.62700191324504	-16.2185404394111
-9.04667069703280	-1.57187845839123	-16.2675648166421
-9.08207679377119	-1.54204904769926	-16.2469500309551
-9.05596632543174	-1.42912098321231	-16.3712561170297
-9.06504022262954	-1.34524491382103	-16.4050601410521
-9.10425397789057	-1.29375768621413	-16.3609480127710
-9.18001092177943	-1.23305815085131	-16.2237915498447
-9.19633523297912	-1.12968044366512	-16.2260546671889
-9.22293031257011	-0.978019451647151	-16.1982586800063
-9.20313359567744	-0.888913236315445	-16.2771272891890
-9.21095223433255	-0.814192071478537	-16.2841195631454
-9.13617925084169	-0.750210275272896	-16.4865559458378
-9.06298108329489	-0.727820959757333	-16.6806636119096
-9.04612972820688	-0.635228395930420	-16.7343217948796
-9.03130230960409	-0.599504511643307	-16.7783910108990
-8.99729581688056	-0.569814351925759	-16.8650831751621
-8.94156565815192	-0.491486827123709	-17.0007690819631
-8.92431234317876	-0.434130472055409	-17.0390818139650
-8.87684873578264	-0.422068873670142	-17.1469169720391
-8.87290632706828	-0.381663631452867	-17.1463330929361
-8.88605748741627	-0.370262559113815	-17.1012057990363
-8.84458328737368	-0.361947426324717	-17.1859138277590
-8.78739144328197	-0.339159490613804	-17.3064244767621
-8.77168089767658	-0.404138041856030	-17.3241750313905
-8.73725002879015	-0.383708746994606	-17.3864329890306
-8.65039045469609	-0.347118324324860	-17.5740763614097
-8.61074213835625	-0.306102073851156	-17.6457034531571
-8.55501660661377	-0.312661002752000	-17.7549313216197
-8.51521225845466	-0.298870462164201	-17.8251015402869
-8.49811669613091	-0.248705160470202	-17.8397921641847
-8.39236881141822	-0.257575639841752	-18.0687164828211
-8.37872399822191	-0.305777252094856	-18.0748417499588
-8.36821636200429	-0.304945137388329	-18.0745557727227
-8.28303861625524	-0.301000741398685	-18.2560659145867
-8.26155925702674	-0.307474093486655	-18.2842482325489
-8.22193687658394	-0.276469156781453	-18.3578259938039
-8.15909605470063	-0.318926330809807	-18.4888490195601
-8.15233404678225	-0.272949327598278	-18.4862775693294
-8.12580736292953	-0.245532324649100	-18.5329841745749
-8.10208247371971	-0.211249412933246	-18.5746699816101
-8.06472003735964	-0.221197561900599	-18.6512273012182
-8.00472334011253	-0.206435047633558	-18.7851401739492
-7.99559088925205	-0.203549640588109	-18.7980660189911
-8.00515805861874	-0.278178916789541	-18.7681723100521
-8.01459108671381	-0.337330510793996	-18.7421149458187
-7.95653021418849	-0.341129342508917	-18.8829576128260
-7.88039847307086	-0.436647467480795	-19.0702249427945
-7.93914013211260	-0.434577956703694	-18.9343986476654
-7.93566551558859	-0.520088163683773	-18.9518435910247
-7.92172609911384	-0.498341233336523	-18.9981681289973
-7.85401662893290	-0.475702948959518	-19.1768857891985
-7.82452657884788	-0.518784967507148	-19.2649589601593
-7.86622684462738	-0.587438102359996	-19.1832078275651
-7.85200001823484	-0.577709241438700	-19.2398972585009
-7.88136210324627	-0.585554217590289	-19.1927042924803
-7.88631942435287	-0.553826368416844	-19.2064843579749
-7.88213136633049	-0.543889244147291	-19.2435934143716
-7.91165680337704	-0.464818003804914	-19.2002751524341
-7.87960686992320	-0.509160119231485	-19.3064253934272
-7.88428282406166	-0.506850047635416	-19.3252105324568
-7.84179137427591	-0.558859919500147	-19.4592072836613
-7.82854099566051	-0.614797580656886	-19.5237801621680
-7.85295025433263	-0.576559861350755	-19.4984365694514
-7.89361977736635	-0.591755743159613	-19.4336988483526
-7.90434096605313	-0.658357590397531	-19.4420895915970
-7.91916766182475	-0.762171184012757	-19.4416009724943
-7.92813637475540	-0.777447033663378	-19.4567420951878
-7.96863952929069	-0.747365230782929	-19.3956709549092
-7.97294565949695	-0.737133083146669	-19.4218778343929
-7.92654492397284	-0.744583685300685	-19.5707170434704
-7.90023391403826	-0.712649197534524	-19.6708020145285
-7.96473756106706	-0.745079418029694	-19.5502070742150
-7.97829601795866	-0.755133762028267	-19.5532868637889
-8.00094279068517	-0.747998094738136	-19.5342529974778
-7.97637826174336	-0.765956330407135	-19.6293499308192
-7.99415663946193	-0.757691781473972	-19.6218962455339
-7.99520205690503	-0.794758048112306	-19.6547887004815
-7.98709247051099	-0.778919594133200	-19.7103067090793
-8.03832449527796	-0.818673836423862	-19.6218598195013
-8.10026197147812	-0.864199029068909	-19.5081126224904
-8.13327608952878	-0.802663520784263	-19.4652740211836
-8.12605405221517	-0.816671288724758	-19.5195191911062
-8.13750465488655	-0.859410089377068	-19.5291765762093
-8.16358173353500	-0.930024284085943	-19.5045675022568
-8.18894663827806	-0.913915713528151	-19.4833745433458
-8.18960347986040	-0.927394659475208	-19.5228172091447
-8.18413525944155	-0.954315453974888	-19.5784098430332
-8.23931258775165	-0.958137087179104	-19.4886805406531
-8.24233586514221	-1.03604409912517	-19.5268856273732
-8.27610770948467	-1.04185083356030	-19.4932185390090
-8.27292900586159	-1.02678977464690	-19.5510130059411
-8.31255694279807	-1.11013142383347	-19.5068781444961
-8.30526022705260	-1.10380353430105	-19.5796920155484
-8.30673043613587	-1.17545312673532	-19.6335010722212
-8.31010962407011	-1.18790038952282	-19.6860617334419
-8.30706859999202	-1.17128425107912	-19.7569398792477
-8.35099591237705	-1.16802042994710	-19.7164850393803
-8.39288419875979	-1.15577015227839	-19.6837145932830
-8.48736834273119	-1.14558908147083	-19.5261436830737
-8.53693215566384	-1.09293995319018	-19.4801393860654
-8.58387686572760	-1.13667301521114	-19.4426224523880
-8.56357764481912	-1.16137878839232	-19.5713990752449
-8.60500081692755	-1.17316969490507	-19.5536136802785
-8.66510608774186	-1.18338694674441	-19.4933187782984
-8.73595967407632	-1.14864437315187	-19.4095810476400
-8.78224290172635	-1.18873412229801	-19.3872503947825
-8.87873229250164	-1.15322931055741	-19.2458417977386
-8.94452350169883	-1.19790817388940	-19.1802285421846
-9.00468640935296	-1.25500390240856	-19.1303957695664
-9.01654866590366	-1.21880550528495	-19.1996313336555
-9.04888269909223	-1.17257217024346	-19.2197770222843
-9.06130304710201	-1.17993447105283	-19.2882628768908
-9.11441911481998	-1.19545710345590	-19.2585378985912
-9.22294607980654	-1.17008076617604	-19.0946759917537
-9.30677243331087	-1.16472786098040	-18.9899185073688
-9.37571395616747	-1.18139493350185	-18.9203267352177
-9.42172295038227	-1.18010784026918	-18.9052871605597
-9.48957184254415	-1.15744466830551	-18.8356742198901
-9.53377623252603	-1.14824624286851	-18.8210670907837
-9.57730639454535	-1.11244696414875	-18.8055940569786
-9.63734313721785	-1.04869875583403	-18.7469212878023
-9.65061744438094	-1.00278730260628	-18.7976882426506
-9.66619243614997	-0.990818574929929	-18.8388983015522
-9.71126915373583	-0.950728575208842	-18.8047687369948
-9.77349097728220	-0.890220988734197	-18.7246154415257
-9.77045271420672	-0.874183812481839	-18.7976417968560
-9.79136800265144	-0.822056988682809	-18.8079845352383
-9.81172062707270	-0.737220189705158	-18.8144233627115
-9.85355501763524	-0.706057171527584	-18.7629621562441
-9.89444761939952	-0.693080720726078	-18.7084952990899
-9.90773360576007	-0.650383091697455	-18.7157759126638
-9.95113495735511	-0.614163386454185	-18.6444677362403
-9.98003780325836	-0.518378733755411	-18.6027377460213
-10.0406669617398	-0.481758932385266	-18.4777861891984
-10.0295460266157	-0.339238058424875	-18.5211551582877
-9.97660258206424	-0.261244383344280	-18.6590218163885
-9.96784665169171	-0.127473475580292	-18.6838442729553
-9.95098508422546	-0.0773560029076862	-18.7217572643392