-8.35911119851363	1.31658460494450	-24.7748226285728
-8.38268687702194	1.19268676473495	-24.6774257525570
-8.31105159843991	1.07637881675777	-24.8173763087486
-8.28933378454719	1.03262350069639	-24.8427050300252
-8.34724400397646	0.943612001121194	-24.6803350047947
-8.37182218093726	0.845455212312891	-24.6044277764554
-8.40880568801956	0.868507805374026	-24.5040684039187
-8.38241235570506	0.816853912814360	-24.5612053161231
-8.39386623154293	0.820416973753505	-24.5312942330668
-8.44039947229997	0.785885571323651	-24.4201695620786
-8.42735562322613	0.775180142902241	-24.4575352069383
-8.48605025302494	0.692215960586101	-24.3246546564476
-8.52111862222158	0.656721550788599	-24.2533753256742
-8.53631206722728	0.508154844584111	-24.2338087135793
-8.59649519604214	0.438765490459899	-24.1099948665876
-8.56513442724931	0.382324354430827	-24.2116373862420
-8.59384119903520	0.275243081951827	-24.1709531596830
-8.69758913596508	0.208528688664797	-23.9521075363579
-8.74920800782372	0.0857401152025905	-23.8625826311089
-8.81234780430759	0.00615533062847556	-23.7486194150551
-8.88336497592749	0.0167548177803577	-23.6182945964823
-8.88984649248836	-0.0480137932280776	-23.6457568549727
-8.90386306747645	-0.123874403829425	-23.6571011498980
-8.96930500127245	-0.187445359039944	-23.5459070054618
-9.03031195880952	-0.185480439590048	-23.4471951989551
-9.08594949424395	-0.228408809858499	-23.3621879894611
-9.18581215874511	-0.211682525559803	-23.1710448693968
-9.20422459726144	-0.220179141715538	-23.1773731388840
-9.21656830555454	-0.293104859415338	-23.1985963862212
-9.34756956537990	-0.330385400971301	-22.9330499710593
-9.42879159830442	-0.307335875885281	-22.7882771021854
-9.54209250833869	-0.315651746627801	-22.5648974033153
-9.56644894447995	-0.279633040306090	-22.5563992019883
-9.64897836995623	-0.299161012860472	-22.4054719167644
-9.72686386393201	-0.412986076218512	-22.2648652023143
-9.76220912821908	-0.420061663244512	-22.2274278832603
-9.79138351166149	-0.462421783339966	-22.2034948601225
-9.83148751286582	-0.449168711537423	-22.1519195964776
-9.85857685251272	-0.459250845063284	-22.1298893017026
-9.86888708542156	-0.498641321805289	-22.1467016659762
-9.93951575382296	-0.430617016396177	-22.0157724948043
-9.93621617631768	-0.404051182953832	-22.0609997214817
-9.95170375788404	-0.429142414247425	-22.0581364484938
-9.97949570504433	-0.438189280770495	-22.0235016488231
-10.0409959328774	-0.430579284933553	-21.9049816271135
-10.0541581168620	-0.392316699334083	-21.9011869430240
-10.1316092790713	-0.371227052279302	-21.7387692963611
-10.1684782936435	-0.373975754852284	-21.6721212992671
-10.1846221199411	-0.392190022509502	-21.6534558812825
-10.2390820499094	-0.345337076030170	-21.5399421679968
-10.2478354724221	-0.353913843866692	-21.5344685770727
-10.2810158586243	-0.312527219083531	-21.4678654446223
-10.2762910836632	-0.304554719316798	-21.4906853993227
-10.2767532359700	-0.268707601144614	-21.4990556803748
-10.2382613121908	-0.223115560595286	-21.5997613083244
-10.2657192500936	-0.235720633492608	-21.5386107286960
-10.2645527583167	-0.258188147540659	-21.5457212543212
-10.2685975334972	-0.250811364665976	-21.5393908098866
-10.3074585100496	-0.269544061989914	-21.4476712400867
-10.3217334725169	-0.233958190603684	-21.4150316916034
-10.3538039548527	-0.178541187597023	-21.3382397036940
-10.3770410145298	-0.138590393381535	-21.2817456819413
-10.3975092206738	-0.113702655708456	-21.2312039891736
-10.4122708298953	-0.147937007005984	-21.1940732309512
-10.4239586340085	-0.131587296657074	-21.1648598691520
-10.4783550817470	-0.108015570068258	-21.0320873490333
-10.4176808071269	-0.0661026791489973	-21.1781564200349
-10.4466116044494	-0.0173767654174785	-21.1068902539396
-10.4501232948153	0.0656781992997521	-21.0970472305726
-10.4254198779125	0.0568063058121113	-21.1550177045879
-10.4122685298247	0.0116070627827543	-21.1856255504206
-10.4059168332329	0.0319591262707176	-21.2008647391115
-10.3778016667567	0.0130752074012140	-21.2691210000986
-10.3907773181172	0.0793032163322968	-21.2385320513107
-10.4037374707236	0.0748672205784051	-21.2075850524952
-10.3425488124728	0.139655324809430	-21.3567639757321
-10.3481673574713	0.150264728248251	-21.3434895850811
-10.3599991331876	0.195922317512507	-21.3151910984199
-10.3620771560313	0.208968266836297	-21.3099820927992
-10.4162756032496	0.245610534441572	-21.1781629943868
-10.5324854143157	0.303526825156496	-20.8952761198625
-10.5477079519804	0.306358418239788	-20.8558755914410
-10.5747941796387	0.348184027463740	-20.7869512513667
-10.5794568973543	0.384766851842347	-20.7709066645906
-10.5661580374847	0.493995977079431	-20.7967966961115
-10.5743200907174	0.535974679112591	-20.7679632543651
-10.5426807953174	0.552768090129703	-20.8335381124476
-10.5304259004535	0.623233749046728	-20.8502144858473
-10.5190905877123	0.591425655684237	-20.8618830347407
-10.5113070589064	0.638281030109102	-20.8632859375739
-10.5272119137221	0.737106234667542	-20.8044552483898
-10.5065288294416	0.757153553031783	-20.8306543365838
-10.5241603292434	0.797326960060023	-20.7612041213969
-10.5160990617478	0.757189931013569	-20.7508400119754
-10.4750956709950	0.800329569123779	-20.8180334134094
-10.4124893831022	0.804468634467911	-20.9341617300031
-10.4467115639688	0.816850192060830	-20.8126272373182
-10.4366369307132	0.891778462831149	-20.7952847117605
-10.4696785619986	0.900787280672412	-20.6694330517627
-10.4232416062516	0.951117371109500	-20.7329862998154
-10.3561753896702	1.04747659176986	-20.8427892315947
-10.3226448899007	1.12143654154847	-20.8670093800667
-10.2943507304647	1.17910633880191	-20.8745476224773
-10.2902010618622	1.22621856429009	-20.8198221674082
-10.2584558944200	1.19153068750804	-20.8284074565167
-10.2499081864532	1.21344541687898	-20.7783010374171
-10.2057713997539	1.21158274332022	-20.8113329093691
-10.1836075324405	1.28897351073853	-20.7883898845898
-10.1197170513335	1.30814539444482	-20.8629510180492
-10.0720431850761	1.40908894971771	-20.8954442781017
-9.98305698425145	1.38881598712953	-21.0243900179501
-9.96775263916903	1.40308191132711	-20.9727703241627
-9.95964032565621	1.38892979801057	-20.9014242642142
-9.95472498260732	1.50353131322117	-20.8205222450391
-9.93811450303243	1.56552844309365	-20.7646549928100
-9.89099006279605	1.60424011105891	-20.7802365960225
-9.83728520764233	1.59618174636255	-20.8097081201120
-9.83199293695220	1.59905684062799	-20.7205378513274
-9.81550467513283	1.69967701312803	-20.6571977799794
-9.78934544085596	1.68030540360461	-20.6148941850456
-9.71712851471583	1.75076140427539	-20.6834822203944
-9.68450389829051	1.76316458609879	-20.6544010703388
-9.64754553341207	1.77941836467438	-20.6349951160397
-9.58055457875094	1.74091409761816	-20.6876435678862
-9.53806232933040	1.78536638553694	-20.6810290818792
-9.45626593306303	1.82070430176958	-20.7688763107010
-9.42743031067609	1.79305357795347	-20.7278337935982
-9.37670847526279	1.78415979747955	-20.7402283896693
-9.36519959309722	1.82864259131200	-20.6578657131022
-9.32234975952175	1.87191302234688	-20.6511721045480
-9.26485673579953	1.81438542212429	-20.6798025267218
-9.22258042834485	1.79924213140794	-20.6727762704204
-9.16376934153001	1.78925668334226	-20.7066108493345
-9.17270628974649	1.78642295320383	-20.5770701400985
-9.15380747527922	1.82494380722789	-20.5157929013750
-9.09003234240769	1.94515918782329	-20.5636245464580
-9.01095564179767	1.98236949079368	-20.6479338484882
-9.01075564925272	1.90559521476297	-20.5416040111638
-8.97828038561571	1.90829010276379	-20.5155221003073
-8.95129305578370	1.87044168758350	-20.4772097753835
-8.90718547192871	1.86542302439749	-20.4820262536184
-8.83857777228195	1.79187853247907	-20.5474966701815
-8.82484805106281	1.76282246241133	-20.4821702968451
-8.82110795982474	1.74471652185944	-20.3943189278634
-8.81557331495879	1.69512943417150	-20.3123977196270
-8.78518368570999	1.74831348246430	-20.2927286049818
-8.78284909257065	1.78190924043332	-20.2058149386936
-8.76669072366273	1.77036367404099	-20.1534334794535
-8.75664331136303	1.71690827644020	-20.0878725073718
-8.74927530174369	1.69572212106998	-20.0180081703734
-8.72535278856787	1.66255023238042	-19.9900730594525
-8.76333120330898	1.64303942919153	-19.8141019649707
-8.72885120159968	1.61140216006247	-19.8155657583257
-8.64072581227113	1.60895092231363	-19.9490509725639
-8.58926189208078	1.60977596231322	-19.9953694602669
-8.58559557429787	1.54537401955426	-19.9275281550074
-8.56612152240713	1.53129282261759	-19.9005234638254
-8.60591732106174	1.51987536629156	-19.7317682853137
-8.57836827863645	1.49123744434799	-19.7280822373242
-8.50260309553429	1.49370461298844	-19.8433258986272
-8.46028392748073	1.48376412795280	-19.8792072474616
-8.47854445299081	1.46652955872317	-19.7701263092883
-8.50196743966088	1.44831158767467	-19.6504577806441
-8.49515486842528	1.44126426418430	-19.6059633238992
-8.47497819992653	1.43630180780235	-19.5955722925050
-8.48319309315643	1.38724716253843	-19.5180178343548
-8.53088404266823	1.40867626916868	-19.3469348785290
-8.50780027748775	1.47411648547253	-19.3485517685641
-8.46239086531522	1.47226912198429	-19.4048165506100
-8.46923178551156	1.50494575094647	-19.3357687907716
-8.47589906794539	1.50428763503104	-19.2679284448990
-8.49500283960220	1.53138732565844	-19.1710414801602
-8.49715533808917	1.50279497647180	-19.1158508254458
-8.53909823084638	1.54678331166256	-18.9654054941969
-8.58961321270709	1.49251368292269	-18.7942854869449
-8.58824343706524	1.53439221604778	-18.7500840716976
-8.51827546554640	1.56861594107938	-18.8719225218607
-8.54491768228528	1.56934288179832	-18.7593461808654
-8.58278614444091	1.54578630270536	-18.6195297935255
-8.52402727814457	1.56208250224364	-18.7139709021235
-8.52752667121439	1.58570607270257	-18.6569059130647
-8.55076706326180	1.59862895749300	-18.5510875974618
-8.54583189664787	1.60429064773443	-18.5125665184128
-8.57940539594278	1.65193239575332	-18.3796059579815
-8.58967296829581	1.60935830520953	-18.3012654471364
-8.57295839055670	1.65457234428676	-18.2873824956246
-8.60195788531877	1.61600102019901	-18.1604545552962
-8.57074616694401	1.62475506199468	-18.1780583969214
-8.57295283734910	1.63395156010384	-18.1124886368421
-8.52772407150267	1.62272022787735	-18.1595208853715
-8.51368230340706	1.65381205745549	-18.1287115507582
-8.54588084751438	1.66524634593801	-17.9828950598382
-8.51830522120857	1.69793061176267	-17.9791119192305
-8.51007176606864	1.67483014618792	-17.9252322544260
-8.46069337030152	1.67185662375763	-17.9684681550119
-8.44547246181254	1.67977057225266	-17.9260011375836
-8.42957831966260	1.68825465409812	-17.8820648109025
-8.38569911621413	1.71273236308361	-17.9028217710920
-8.38663965643435	1.80723533130961	-17.8116271349709
-8.41191465808157	1.82008138205999	-17.6572589646135
-8.44778102049247	1.84769671539657	-17.4740869522443
-8.43895870957895	1.87553477035339	-17.3959455643184
-8.42507383058599	1.80224360468847	-17.3268747523067
-8.38663754145225	1.82861020405323	-17.3155000726631
-8.34138429957130	1.88263425615142	-17.3177165135968
-8.32893541346120	1.92088256567428	-17.2373081729079
-8.26791851518870	2.03828399670382	-17.2718575618327
-8.23897294784237	2.04000263073435	-17.2251150370661
-8.15206984945077	2.07249481758178	-17.3169407405702
-8.11175629853353	2.14585324353178	-17.2937856699999
-8.04465927580088	2.14527201082703	-17.3331787182971
-7.97254020229815	2.13728814969834	-17.3835440111712
-7.92598658478452	2.17208187577689	-17.3710768989224
-7.95332992323726	2.14430358426139	-17.1783206976889
-7.89925195324201	2.15558207419045	-17.1826943424743
-7.88398397551767	2.11766211331849	-17.0925185074904
-7.88248580052661	2.10433322808816	-16.9693026665039
-7.84720776551356	2.17132015731646	-16.9281596613956
-7.82309297939006	2.13127050330638	-16.8593290361656
-7.79960991674244	2.14314067610707	-16.7898623660741
-7.71807496033854	2.18702307997067	-16.8614860270594
-7.72515525737345	2.17245027206103	-16.7184914203070
-7.71287365942591	2.13183890024122	-16.6234364381495
-7.66185013011926	2.11419545251525	-16.6237275913456
-7.60641967595177	2.14733218310142	-16.6359669937226
-7.53448680058800	2.10597959417781	-16.6889245139798
-7.47609830372505	2.17977375950505	-16.7108123419964
-7.42147051528566	2.13857836472099	-16.7239534626369
-7.44779632777531	2.10806303527957	-16.5427708799822
-7.36119393607443	2.11877002180113	-16.6370360127961
-7.28588140019961	2.14171058769103	-16.7052010065055
-7.21112263455860	2.16126560607163	-16.7731572247821
-7.16164523741929	2.15150984853620	-16.7810299485172
-7.10523577063109	2.13688123834381	-16.8072571832215
-7.06622397515933	2.03720852625880	-16.7929190338389
-7.05575409112051	2.02829805336228	-16.7120559331656
-7.06436379509385	1.99651682510880	-16.5864043808380
-7.04474671676879	2.00259989551998	-16.5308482004976
-7.05589495948864	2.00262191160934	-16.4018785587643
-7.03660539245472	1.92402139757123	-16.3478409477007
-6.91854765615132	1.91382037595507	-16.5352852521185
-6.96730282842623	1.95516801924026	-16.3196588565678
-6.97612029543733	1.92463875709777	-16.2013256992925
-6.97001464942310	1.90938860570033	-16.1205055001891
-6.90706515522477	1.88747694309291	-16.1785534650032
-6.85455567834663	1.85482576028870	-16.2124595846176
-6.78834844270283	1.85830934122889	-16.2808447054276
-6.76112714050439	1.83395494362338	-16.2555587490587
-6.75018048653471	1.79000926991855	-16.1919847966792
-6.67955881070991	1.79066113534897	-16.2744305279917
-6.69084707553305	1.77201902086360	-16.1591943418417
-6.67253949473736	1.80031019748440	-16.1167640051731
-6.65288572065753	1.75360641019577	-16.0780832799233
-6.65486184899273	1.76493107776858	-15.9884318551476
-6.69710196274784	1.78867326461251	-15.8019230003744
-6.65976976578360	1.74302776392030	-15.8088373752997
-6.70933162775039	1.74922963142721	-15.6066304380099
-6.71302603595531	1.74545927219840	-15.5164143487167
-6.71548758761871	1.75214387997106	-15.4301536990350
-6.68956157575881	1.75757751152237	-15.4135485161756
-6.61977160286457	1.75474571921467	-15.5041524087669
-6.59498866872919	1.77183709867874	-15.4867226602693
-6.58815098761738	1.78842861788740	-15.4266171052824
-6.61314960067876	1.77260539448574	-15.2901787678451
-6.62662271999802	1.79315383530526	-15.1828921321787
-6.59151074907249	1.81458393144639	-15.1940875375426
-6.62604327147919	1.80361444077003	-15.0371883569275
-6.58603169980172	1.81768823597412	-15.0620099707198
-6.47209080860695	1.75877554535556	-15.2667007171919
-6.52653267322944	1.75182026332804	-15.0648858820684
-6.59294958015384	1.73553071931220	-14.8348835878382
-6.59582258697669	1.72783140648424	-14.7597139942989
-6.63186096760456	1.69294313588920	-14.6047630938554
-6.60968068771796	1.72753327835922	-14.5917211560086
-6.59317934640869	1.69537745784806	-14.5647167471144
-6.64253031780247	1.72347751437844	-14.3786241277515
-6.66538565503047	1.74223358961989	-14.2563296487926
-6.64094434257889	1.75340593761599	-14.2481987117370
-6.64134475163111	1.74684891049973	-14.1793404052643
-6.62344803209337	1.80022139399034	-14.1543757157373
-6.54892318714917	1.87853879972703	-14.2652960347580
-6.56140691376047	1.88142464065972	-14.1635390191681
-6.55848285480384	1.92094643162839	-14.0981335383946
-6.57090584084003	1.94775174208301	-13.9939370293031
-6.55861675184692	2.00372670569186	-13.9480662384296
-6.54925622495156	2.01844943256710	-13.8930486922425
-6.57175824778012	2.00081431651034	-13.7591851911942
-6.54129072883213	2.00551124244067	-13.7523958372904
-6.55568829214495	1.95742254377586	-13.6352263418427
-6.55288103047971	1.97801059214526	-13.5587311689915
-6.50784357383949	2.03332293040529	-13.5826660813551
-6.53179542181665	2.04352748064147	-13.4370456401656
-6.47983346644610	2.03827692259601	-13.4736391992892
-6.47544802822607	1.97657872258201	-13.3933945513844
-6.46611255501803	1.96272880076461	-13.3243847495683
-6.47000929582996	1.90488026026588	-13.2220027952105
-6.45174100278958	1.93962713715807	-13.1726735417499
-6.44345012525938	2.00203233747527	-13.0974181955192
-6.40173492811212	2.01051337017214	-13.1011794391726
-6.35563813229795	1.97298910036055	-13.1143736590537
-6.35502938872940	2.01078654903178	-13.0168479384248
-6.32369315489946	2.03268389921965	-12.9924797570128
-6.28203338209788	2.03503832231149	-12.9921397981141
-6.23708762468005	2.05081232361485	-12.9991424624996
-6.25451002158659	2.02256195138307	-12.8543137025195
-6.21407212672941	2.01950096108876	-12.8496867710937
-6.22031122946437	2.00620593088352	-12.7316741853273
-6.19657232406918	2.06827960707257	-12.6862553062705
-6.14543679543536	2.00066831537560	-12.7062775650483
-6.11347610764751	2.05589893692171	-12.6805692450252
-6.17469278744463	2.04605931628041	-12.4282503292927
-6.15189045633847	2.06728604409792	-12.3795819624748
-6.14449552458400	2.08614850443408	-12.2931810257711
-6.06882657434587	2.16810393268594	-12.3718574236644
-6.02040716870430	2.21255289890728	-12.3832701304741
-5.99988489151933	2.23179383113660	-12.3262735817904
-5.98527795616661	2.20660178035204	-12.2543808246606
-5.94187374498645	2.21742761199496	-12.2521842158572
-5.87959922526032	2.29608005123576	-12.2950641389958
-5.85922302651202	2.28835352359547	-12.2347730953217
-5.85376516061166	2.34112273172129	-12.1376636594322
-5.85696628268290	2.39014062553378	-12.0179898421790
-5.76873116584818	2.34547521057723	-12.1182350360655
-5.76122402626222	2.30128603761660	-12.0221977877181
-5.74314031263016	2.36023577438544	-11.9510118475948
-5.67098175954258	2.31413168879412	-12.0086466351696
-5.62630607925890	2.29292139433159	-11.9986494034488
-5.63672895003454	2.32820748975273	-11.8536578815773
-5.53130576131245	2.34017697476077	-11.9871358879789
-5.50357708499471	2.39892732711727	-11.9302345738775
-5.49052342252027	2.35850208868357	-11.8350178617183
-5.45020393661129	2.35229089647231	-11.8043197086515
-5.48451207409466	2.41469942361256	-11.5907106065847
-5.44963778544796	2.48660436396425	-11.5418153657001
-5.39591793522041	2.55035360760359	-11.5355107932444
-5.27521056329497	2.57732552621739	-11.6886104512315
-5.23240792626964	2.58512737787264	-11.6504970540528
-5.21997472172452	2.59534676564236	-11.5367027977851
-5.18713498850727	2.63054254587099	-11.4703474469879
-5.15589099106416	2.63254797370952	-11.3979071872103
-5.09343935408308	2.61682030095011	-11.3994498251503
-5.15247014837085	2.63414446679564	-11.1053129737661
-5.10467511079819	2.64491473383389	-11.0685687881496
-5.01455724436962	2.63097940722430	-11.1331776089439
-4.93270391764531	2.58912150566605	-11.1771000525580
-4.84021310810958	2.61001111738776	-11.2467716712966
-4.74343987815125	2.63187602432085	-11.3262827017427
-4.69699204822087	2.64150160422957	-11.2835727867617
-4.69107748260065	2.65492239165525	-11.1428194202419
-4.62112080883497	2.63369220451613	-11.1577033121016
-4.56914508580301	2.59754056354875	-11.1301715734311
-4.47234256240569	2.58956874567247	-11.2129377036063
-4.47211197745720	2.58764502964765	-11.0632601533764
-4.44300703728966	2.52537831489607	-10.9853732923980
-4.37128021296168	2.45827791829509	-11.0136331015806
-4.33380946142350	2.40803708436710	-10.9620581254753
-4.32410288529804	2.41633543695445	-10.8464275097999
-4.25644697286380	2.42417164690229	-10.8739680884268
-4.27239411738555	2.42394851604947	-10.7018467568934
-4.27691354507916	2.38852019266757	-10.5606688822762
-4.28469472239520	2.37685027845460	-10.4154381506301
-4.24757205022017	2.37087483447596	-10.3827252361387
-4.21692455250320	2.36970158282814	-10.3380625646139
-4.21743152347000	2.37423802118859	-10.2216784345372
-4.24160240466651	2.38689992000353	-10.0517168706667
-4.25374099873711	2.36893897555330	-9.91461127124483
-4.23204554853524	2.42350997180200	-9.86358587228876
-4.21963067809858	2.44996948139928	-9.79320837824792
-4.25746711884669	2.43346972782750	-9.60448694763648
-4.19256096006202	2.39675333684717	-9.66866877798441
-4.16174589340995	2.35656505361005	-9.65428506401140
-4.13026009107780	2.35231310497493	-9.64550749041328
-4.14076385882232	2.31374757786955	-9.53833612829532
-4.07134003220717	2.30353202741330	-9.62849675284967
-4.09183763716269	2.29267164260061	-9.50378958408326
-4.08431829617987	2.29153017547558	-9.44982251244189
-4.13578933920056	2.27025140745293	-9.25534076844695
-4.13651819153531	2.26574057258212	-9.18625414593404
-4.12283364151588	2.23204144267419	-9.15400383488557
-4.18140867254193	2.21135192898923	-8.94859194021895
-4.20173246257277	2.22673754514895	-8.83734778681532
-4.22785073189364	2.25895201742854	-8.71271890872657
-4.29258361555031	2.29559851884519	-8.49459546514513
-4.29085192427660	2.34794336188383	-8.43722121167391
-4.36770493229524	2.36837042102227	-8.18849555566701
-4.37742902581165	2.38235761571117	-8.10159844576319
-4.43405431022447	2.41344014594783	-7.89988478115595
-4.46711885835733	2.40827468390026	-7.75354402865629
-4.51074432150412	2.45591703622849	-7.57998250018406
-4.55523719018638	2.43936523544314	-7.40167669133227
-4.56699107077389	2.47153251293794	-7.30055395266504
-4.58411396315038	2.54399237415918	-7.18332775124153
-4.61883305812097	2.59789935247634	-7.01955969776907
-4.64907925298882	2.61881495451021	-6.86268833012203
-4.67829943475188	2.62323990438303	-6.70451254791685
-4.70411115062842	2.68009680157260	-6.55077122435225
-4.71638139915373	2.73019004622471	-6.42513635565262
-4.72591145629647	2.77147904777492	-6.30131997253970
-4.70649268854823	2.90785364790648	-6.24278209568218
-4.71609616823967	3.02328544447862	-6.10767631408197
-4.67655854900893	3.11881728606375	-6.08557776472359
-4.67459658482529	3.21146656308220	-5.96647451823007
-4.76830260054138	3.30516184857603	-5.60951997895830
-4.75898269787129	3.37492800514931	-5.49615140299631
-4.74546163219631	3.46843125462573	-5.38709612673372
-4.72467602065650	3.58012460676350	-5.28944207995482
-4.66525882212844	3.68493211461352	-5.27896261187142
-4.60402577709151	3.71099444604292	-5.26652684004588
-4.58347810236238	3.75572554683242	-5.15015022855734
-4.53522167766893	3.86927343066793	-5.09537835412994
-4.55309171492682	3.95479655309720	-4.87395248882663
-4.56430863545050	4.02863222073010	-4.66263832928992
-4.53208418061707	4.13436290820280	-4.55076880770924
-4.44484053296862	4.20230060726512	-4.56604703399477
-4.41587985897361	4.28706269820465	-4.43442500551821
-4.39007301297509	4.37199065379421	-4.28936294817350
-4.29768357212967	4.43035359232434	-4.29993283507460
-4.25416922343241	4.58688011646009	-4.18673081373267
-4.18395425997648	4.62199974321364	-4.13175441399014
-4.13286154788970	4.73306232081572	-4.02556689023037
-4.01689752127055	4.74872713926185	-4.07085364806822
-3.92001187783671	4.82159705822210	-4.06546512185616
-3.89175605502397	4.92031262370791	-3.88868445038849
-3.82807546753449	4.96615575713346	-3.79245028151417
-3.74996314142186	5.04541074907115	-3.72663973638943
-3.75926098461396	5.12583391676159	-3.44409685155582
-3.65140234867405	5.21681916483548	-3.44066617751759
-3.62893406812228	5.28590940714833	-3.22541854471002
-3.50406044171226	5.34593682486382	-3.25386198586713
-3.42712073791110	5.37624302780346	-3.16186125818297
-3.32793238799189	5.40895649112289	-3.11999913586224
-3.20982336298213	5.41933387508591	-3.12029652305576
-3.11482904602037	5.45128251240863	-3.06128776698165
-3.03378451367941	5.48550322806792	-2.96503704779890
-2.98243694264895	5.48449326431661	-2.79347110224879
-2.85997374018745	5.53121371799720	-2.79148226646648
-2.76982494221970	5.60650897337152	-2.70793093712611
-2.67091966922402	5.67825633357984	-2.64213395139325
-2.57558024577649	5.77770469481035	-2.56441341203589
-2.50268774055626	5.78663118328277	-2.42880064975572
-2.38682628343647	5.71454113427890	-2.39512525872200
-2.24412016368899	5.84281825354052	-2.42549334294291
-2.15756574017273	5.90928757616334	-2.31638759421278
-2.03789754742783	5.93759655272729	-2.28509706978394
-1.95717406432766	5.93721017884992	-2.15763128493166
-1.88873690893427	5.94982119202152	-1.99912340586472
-1.82286323493898	5.98656606174211	-1.83312735300756
-1.76205805919054	6.04126762422067	-1.65341985067915
-1.65618231419721	6.04452525155726	-1.58144484505725
-1.57790264037694	6.05606128735809	-1.44190692283423
-1.44546366478261	6.07674342040564	-1.43300851908428
-1.33717380510720	6.13400626260174	-1.36502205205666
-1.25572821216621	6.13897964037731	-1.23112175532466
-1.12114866562074	6.16679253500975	-1.22596188552606
-0.952435080086075	6.20835072660569	-1.30337096727223
-0.875690191087632	6.18594800746152	-1.15772414064535
-0.749614724236763	6.25355804218511	-1.13242535826166
-0.651027870371334	6.28493976210305	-1.04028976824374
-0.519602264566359	6.28652010901174	-1.02810912605801
-0.438740681915041	6.30507076695681	-0.894243717133208
-0.381678017785506	6.29105967698396	-0.703438737376838
-0.286678302244963	6.30354260719095	-0.605799974948210
-0.185377202068345	6.32398151586582	-0.524388041718387
-0.0929194275352795	6.35021713172203	-0.422461004935459
0.0173384353084847	6.37694657093879	-0.364569811045584
0.0841234462165549	6.39357949047777	-0.202251100393756
0.189200596606677	6.40791901346664	-0.133822906886764
0.232837061511101	6.42795026513729	0.0823769310583349
0.190322265899109	6.38582625917193	0.506314286899209
0.323888347692992	6.39158414378897	0.501691868149618
0.426774658835709	6.42617656357845	0.570214487251005
0.495101909713142	6.43246973425194	0.721635464248438
0.589552746341905	6.41569792002403	0.808525397036033
0.681080520221358	6.40586235998066	0.900982941095312
0.682547716722918	6.42672002991615	1.21027483276259
0.783918212335705	6.47147180480147	1.27640666320691
0.864421379053378	6.49495856852574	1.39236741569634
0.900480262567968	6.50365779332811	1.61500681986120
0.965791197744304	6.48873477074363	1.76551413840168
1.07052744472926	6.47076212360637	1.81890716504306
1.15179320416118	6.43947484387364	1.92753142709073
1.23458666877172	6.42160273935777	2.03057734694058
1.32031334073130	6.41815465788420	2.12474771414333
1.37592518396429	6.44684328364922	2.29025318253931
1.43946377800035	6.46761650867335	2.43524015146723
1.48209318605385	6.46987283102209	2.62942985802536
1.49957261297145	6.49872752232743	2.88280531505588
1.53724977065794	6.47179833280868	3.08574803165546
1.60332648273349	6.40978615535786	3.21761775387062
1.65968240414202	6.40795494041006	3.37029399097426
1.71981461392612	6.39119040572617	3.51176787890706
1.77078380758471	6.41133646447558	3.67315634994590
1.77348241719457	6.38512181833002	3.94966913066422
1.82343572637176	6.30529998100009	4.10918990424852
1.82266958965268	6.32267939476796	4.38848038350091
1.82570962785940	6.30718475916022	4.65664129792048
1.83210584640885	6.35912721892644	4.91438435453501
1.91554795641426	6.36867588931642	4.98402214458239
1.97616558642593	6.31151875886785	5.10711140225870
1.98810078745292	6.25639394443084	5.34554643767798
2.03475013423171	6.29139739176431	5.49734195669086
2.03652401580481	6.32485681912175	5.75666178615011
2.02292278168171	6.34601944174427	6.05215278712006
2.02662054265409	6.36209821186699	6.30466761600891
2.06307787314868	6.36819074917731	6.47688799011910
2.05936542511749	6.38182163239857	6.74566819435236
2.05614834718920	6.43743758173219	7.01280945584112
2.08607977903344	6.50408959233047	7.19999292966187
2.03960291513630	6.49400523802254	7.57318195926542
2.09525726273219	6.52625485725692	7.69903314450481
2.16211517902863	6.58159860839062	7.79878546713229
2.14013200677014	6.67274118380959	8.11553471902146
2.19917612753694	6.69652933587811	8.23841503598091
2.21643603243590	6.75801846020764	8.46458905218158
2.19189603224439	6.85948096540426	8.79495871173448
2.20325587613766	6.93278477709120	9.04212709713776
2.19308541513879	6.99520578876315	9.34533250557245
2.24608510379222	7.00289314853176	9.49956546326845
2.30442498972759	7.05860967602195	9.64467577104228
2.33811264396501	7.10311091447739	9.85433506454148
2.37254183951203	7.22905516143835	10.0672282794443
2.43484875155544	7.33534539043509	10.2189824073109
2.43393502176774	7.32215537546802	10.5304764837036
2.41428138642272	7.42517459639970	10.8927357844883
2.48577606795086	7.53246607248203	11.0412410705451
2.46830047564508	7.57653912094065	11.4128692287305
2.54172365500048	7.58999752114214	11.5711659963629
2.61106460304370	7.73049561452060	11.7461704403817
2.64575984200637	7.76707659712982	12.0137624360302
2.81555376321753	7.80072029002309	11.9614034821825
2.87789363299537	7.86809260475558	12.1770117820206
2.91707509149945	7.97304485133681	12.4568088446180
3.03037568973379	8.15551857103482	12.5655856759305
3.16774311446572	8.25184187993104	12.6256537991355
3.25743936529805	8.37498910258276	12.8097614046866
3.35837487094772	8.38513835892685	12.9754299985155
3.46773784975427	8.45850195323683	13.1279669449804
3.62453794481859	8.52236212522074	13.1735163173542
3.75177731704670	8.62452235297454	13.2984092975148
3.84992690873694	8.72988505074098	13.5018057490504
3.97012867569916	8.76629826020974	13.6595983696701
4.11851000202121	8.93975190752765	13.7558304914987
4.22078504566870	9.04192546409377	13.9720127742285
4.35442470642223	9.04579303246012	14.1192059824855
4.42263732477925	9.10453425080062	14.4304484013409
4.51409337838278	9.19632214434240	14.6912317621992
4.66994226103262	9.22078286767123	14.8019235308064
4.83431388574178	9.27950219558865	14.8967168416441
5.06370605639165	9.31617933112567	14.8387329147232
5.21383982356805	9.33078251826570	14.9769537215861
5.32128237404342	9.39494469394486	15.2220755033389
5.42909334486489	9.43997585994679	15.4699860365330
5.61901901892258	9.50710874171728	15.5219403610825
5.73039569631548	9.56107141868594	15.7671988399912
5.81921181040208	9.58721463040146	16.0695175596709
6.00968607318622	9.55903172581015	16.1271211076763
6.18190710483630	9.63365553974492	16.2295486554050
6.33911784630625	9.65575559581780	16.3698592376153
6.57133265565535	9.67411673405244	16.3288587580737
6.77538978807411	9.66528490083972	16.3561453400479
6.94866818963585	9.70777652805013	16.4573663246014
7.09097655288782	9.73249655932982	16.6333072101922
7.22538482424386	9.77023974011356	16.8275339682227
7.39232117189307	9.80480692297402	16.9419580164866
7.60224280269853	9.81757386388636	16.9509320976087
7.82623826313704	9.76063591561040	16.9239897031861
8.01825550030490	9.76348651768565	16.9716118849656
8.21849765307798	9.72866814937602	16.9969027318439
8.36922226079304	9.74532508342820	17.1391358453190
8.46261569799617	9.68307797720234	17.4177465322665
8.58771738778822	9.61457222415122	17.6158271648032
8.74200635878664	9.54348038389904	17.7393102647825
8.85591683335257	9.51653988569364	17.9566705998909
8.92592158336214	9.47162900560573	18.2769529338486
9.08039731316606	9.42689748168549	18.3887625552287
9.19493132918474	9.39473296527221	18.5935883810839
9.34933910471065	9.35466943868994	18.6981229355190
9.45867673820104	9.31522905126677	18.9081143625864
9.56217838101121	9.23012068165550	19.1284802301608
9.68542750483561	9.20752007026259	19.2966474953000
9.81052297712056	9.16979600880299	19.4568025611221
9.94303116774477	9.13930397806590	19.5952716876970
10.0810705335066	9.13982946214454	19.7167139862379
10.2048356316310	9.09150222583298	19.8695287493336
10.3427069888598	9.07251786466282	19.9843211354740
10.4657989084198	8.98305550205434	20.1314729149277
10.5894628569254	8.95405808090953	20.2728856373311
10.6631395809164	8.90932556968021	20.5318603739165
10.7705062381807	8.88872952287506	20.7054053541015
10.8107425539291	8.86945681253421	21.0381739531274
10.8989460721484	8.81075442538688	21.2512417625199
11.0126980013912	8.76774135577665	21.3984368014679
11.1360302406661	8.71004704248066	21.5186315785692
11.2764899901596	8.59192254845210	21.5933093631536
11.3529714535132	8.51985450409432	21.8182235902222
11.4541947674628	8.46858498537379	21.9789006892200
11.5450252652404	8.40408257728771	22.1607179817155
11.6422158512015	8.31917427521322	22.3228656320282
11.7691512207939	8.26597045171060	22.4083677549662
11.8825542778392	8.23379162034555	22.5224624785405
11.9579434682137	8.16687398059839	22.7247064130852
12.0647345105467	8.10369435085650	22.8463979499759
12.1982651236485	8.11247303600902	22.8988585420766
12.2577938902737	8.06100213339090	23.1271324098665
12.3432345925056	8.00193984299322	23.2883107844366
12.4150866531190	7.96748691887772	23.4780497238641
12.4767327342542	7.89623700435769	23.6884967452803
12.4191118714544	7.87196344261786	24.1835637082926
12.4489324483954	7.82311809739761	24.4629770387460
12.4980317978313	7.79628497175307	24.6917330785080
12.5787942087148	7.77979364187607	24.8402033316856
12.6584372382437	7.74548282351954	24.9880810799999
12.6911912638251	7.74713567401263	25.2461931377947
12.6989399528242	7.68179884305682	25.5621157942191
12.7661412443972	7.63807732892187	25.7304898779373
12.8495730347259	7.58318614658796	25.8565199006938
12.8450082510002	7.52644708916262	26.1928491780419
12.9387272317956	7.52283788640736	26.2881968267805
12.9495809166057	7.45825017772900	26.5824701888508
13.0405547890441	7.41192866506088	26.6801031758300
13.0255735251284	7.31629815945473	27.0325094563236
13.0450896446027	7.27100830603735	27.2988973741519
13.1446801161823	7.24627078930050	27.3696740778971
13.1450345334951	7.23798575821671	27.6798770444391
13.1451490433783	7.25459247810271	27.9900065131606
13.1863686287870	7.32741336425829	28.2003961470224
13.1731491619997	7.34686907511833	28.5435230540214
13.2408145204569	7.35669151794415	28.6909440961121
13.2694976110632	7.29388731166766	28.9332223818369
13.2715741716736	7.28798332889207	29.2396105694288
13.2766391614647	7.26511411743338	29.5392698639870
13.2816612613330	7.20793376896424	29.8394854620753
13.3508835861663	7.13809491379069	29.9842576962318
13.3887919560617	7.12458659777732	30.2050136451524
13.4365758387332	7.10284942402686	30.4027271034832
13.4586710128914	7.08643114377334	30.6635607230948
13.5439402100424	7.07354822619128	30.7722785743071
13.6542933850841	7.02574249890673	30.8212733517068
13.7543736794367	7.02426318270770	30.8957993227313
13.7892151363885	7.02781035256083	31.1296586465434
13.7779750441004	6.95883907405741	31.4765009433289
13.8443598389275	6.98955980363723	31.6356186108110
13.8610891735321	7.07425459855736	31.9167550920860
13.8972477368056	7.06955351796678	32.1531674341825
13.9203001247057	7.09674470875944	32.4225800748017
13.9733277604905	7.12317404137961	32.6209904601460
14.0694474518661	7.13447244771339	32.7165946505372
14.1719620926790	7.16420574868744	32.7981195058776
14.2365438137976	7.13595071523972	32.9732089108306
14.3270806484357	7.12207197497347	33.0862792788860
14.3658717811167	7.11722878215930	33.3258205216758
14.4603627310764	7.12077974272996	33.4315489125073
14.5150732239938	7.14429836711623	33.6349768093643
14.5206478027174	7.18910675642872	33.9590443063744
14.5363597088555	7.20595484847099	34.2604043261468
14.5923011955963	7.21893186607150	34.4658128786286
14.6837991257217	7.23503708244288	34.5865760072866
14.7484258381179	7.27386059336379	34.7740498528028
14.7553907071947	7.31070676420972	35.1031729281857
14.8470848377293	7.33302800447625	35.2288668826467
14.9574487170049	7.32872594177883	35.3110736619776
15.0651260501620	7.31369034902873	35.4012226899310
15.1683146539695	7.30544091228081	35.5035503611174
15.2948759963843	7.28843062363486	35.5506199220193
15.3779682301233	7.29867727156682	35.7043114537848
15.4619718227027	7.34466808135125	35.8574105121710
15.5510120543010	7.34213025767795	36.0003729928565
15.6813666495984	7.36729795114513	36.0446534795578
15.8137022796337	7.41640561213809	36.0859048781534
15.8699997678613	7.40340920120745	36.3134849095226
15.9950523800828	7.38173696392983	36.3756686542712
16.1327029912695	7.35433931316918	36.4084117229247
16.2400816542886	7.30663029957590	36.5154876907448
16.3615997332287	7.25440210536283	36.5889518125284
16.5265252681929	7.28172988960621	36.5577512934054
16.6307416830183	7.28630523163306	36.6751517759623
16.7442608998324	7.28082734187865	36.7711140125296
16.9036871177896	7.25742909525231	36.7567240893464
17.0082606062545	7.23346422393703	36.8758654010095
17.1033234092588	7.17355257396205	37.0185574641203
17.1883175139118	7.13591895551208	37.1856191192619
17.3431771530399	7.03615197692083	37.1835217750484
17.4719801773325	6.97322059712210	37.2438451499656
17.5956777351091	6.97758185588389	37.3161633475610
17.7314109918843	6.94902368973876	37.3596679494555
17.8512332008235	6.93684987884270	37.4415460191025
17.9747120324221	6.96967470878806	37.5144505141922
18.0708447124457	6.94815830202421	37.6539546037132
18.1700001321549	6.85472690690593	37.7856324860273
18.3184271172701	6.77774044586476	37.7963393328492
18.4129359970369	6.73369981567732	37.9362047785504
18.5650009462923	6.67178766521028	37.9353064732007
18.6787376457941	6.64846297731874	38.0256096172047
18.7412923406594	6.56890618438458	38.2385596290279
18.9251431606864	6.50919251403808	38.1552334329333
19.0598499901273	6.45482608604557	38.1887258847268
19.2178503211165	6.43177834648571	38.1632998644787
19.3136896400235	6.34061076055858	38.2862053756479
19.4097278872030	6.20134385722080	38.4051966927399
19.4939676930731	6.12290216061646	38.5484920448630
19.6521811283286	6.01321982298081	38.5087280795636
19.7935244831294	5.95805880111388	38.5053908446083
19.9356094554186	5.89539285339506	38.4961931370116
20.0658952241887	5.81078547452096	38.5111383657928
20.1259062924858	5.74557042185554	38.6913802411856
20.2325027202843	5.67366708699174	38.7536762453886
20.4059051964163	5.56285724968762	38.6486607708772
20.5453396413154	5.45193104894687	38.6197814340795
20.6900499530174	5.32883954380793	38.5716391673709
20.7837449037851	5.18259549403170	38.6402329494808
20.8630881602502	5.05522732095826	38.7361624082144
20.9939363176249	4.99572890169791	38.6998261258591
21.0655806076556	4.83362149423728	38.8001674224240
21.1524254686484	4.73094108791807	38.8553539566301
21.3067391737434	4.63241132190750	38.7392693430956
21.4014545502007	4.51851988786275	38.7597274911853
21.4886873132467	4.41555718435972	38.7900548734160
21.5130034116088	4.24874378904629	38.9645965980122
21.5787747468168	4.07704289558681	39.0294782554398
21.6298640115747	3.93072886213599	39.1205909551158
21.7166606854314	3.82254907614260	39.1160426173509
21.7642932284470	3.69969175179388	39.1976900541146
21.8114143098224	3.52018053868128	39.2716044037987
21.9099941760464	3.41873473724572	39.2110609539657
21.9519874368045	3.27770785576391	39.2788521664291
21.9823401627105	3.17687501353034	39.3655104710990
22.0116507456494	2.94672552270465	39.4458424045548
22.0888947431738	2.79812452461193	39.3994987544847
22.0911209025958	2.65825578648898	39.5254764545145
22.0194224233312	2.45070888181167	39.8212400202799
22.0165256651706	2.32426462044009	39.9400535935581
22.0859323498205	2.18432994563980	39.8744749158542
22.1606029105732	2.03628448221160	39.7867943535241
22.1262255801226	1.89085688675844	39.9539341106421
22.1892317267364	1.72400208695277	39.8756290331617
22.1625534807805	1.52682728753605	40.0049774510435
22.1583247211693	1.36498315759693	40.0698354186701
22.1094714755090	1.19389912795376	40.2332235263870
22.1042988043063	1.05233293973977	40.2810308357318
22.1258176365504	0.919778666524885	40.2548198558006
22.0666789124882	0.781561828965720	40.4148832511306
22.0647174370546	0.695810122020986	40.4271261947088
22.0148794440584	0.640085182840481	40.5468560876099
21.9186884987763	0.504655803111927	40.7708172018180
21.8820823120224	0.437271688952140	40.8413349968857
21.8763882209878	0.348025928984862	40.8288487488748
21.7906389021670	0.209705297696330	41.0021110194787
21.7474822038940	0.0589130020205054	41.0633788548294
21.6308020336574	-0.0991348016089300	41.2940597554620
19.0903752082784	-2.03392913468793	42.4609938333391
19.1098036549006	-2.07854962250157	42.3189961215290
19.1120599171047	-2.11685300016392	42.2204479637343
19.0741814149461	-2.13748840066814	42.2209195316360
18.9696030750348	-2.16503472905624	42.3848694661161
18.9976888890030	-2.21460752177745	42.2289002983901
19.0047937201839	-2.24910552300873	42.1249390305581
19.0004980060367	-2.27499955094943	42.0497809611408
19.0125288893487	-2.34645048532836	41.9361645654701
19.0081405392584	-2.40125765799443	41.8627012230696
18.9840256603402	-2.40053360999169	41.8374487862589
19.0113178977784	-2.45009269558652	41.6885504525753
18.9989329503871	-2.49042626704198	41.6359483259599
18.9886894013906	-2.49080811687250	41.5782440261036
19.0265325049087	-2.52653709318076	41.4044303267299
19.0384692112434	-2.57484000027068	41.2932142453517
19.0162568923813	-2.55175838367965	41.2642438058250
19.0483753163942	-2.61611519854121	41.1038268915849
19.0974729577490	-2.53054419671610	40.9012072276293
19.1186486433944	-2.54317835655767	40.7669244732587
19.1141115794096	-2.53345448735393	40.6942034907124
19.1286774866145	-2.57263354189755	40.5745456750172
19.1214718624134	-2.61065673152104	40.5062224861672
19.1368169898798	-2.59158248479553	40.3816569097752
19.2055098239247	-2.67694656030348	40.1267494210434
19.2026447771375	-2.73592135931901	40.0426912979317
19.1719101019729	-2.79872251300628	40.0237408294213
19.2270218219075	-2.86468005485692	39.7940602307278
19.2545644361326	-2.96044569757504	39.6282653756077
19.2458221645069	-2.99698142949187	39.5468774069814
19.1960505970311	-3.06302243753120	39.5619310519843
19.2127961241791	-3.13990949819546	39.4121957216593
19.2001337170505	-3.17906239793535	39.3297883805683
19.1544278294390	-3.25360080553382	39.3237668634489
19.1619308695703	-3.26626582201181	39.1844161296222
19.2024823494029	-3.29680189912367	38.9611375214668
19.2475485231959	-3.32836969235997	38.7225954897349
19.3225445572592	-3.39629477086940	38.4069099820462
19.2980238614110	-3.46441487626434	38.3270707181543
19.2851928155183	-3.58139710100933	38.2133096535827
19.3002906689778	-3.64787204122221	38.0254131135054
19.3392201347439	-3.76724886024691	37.7737082037738
19.3012216855782	-3.84733183354413	37.7014813758780
19.2348258629583	-3.98304422419142	37.6914021337895
19.2129111640357	-4.07808450971881	37.5659547758134
19.1802825101646	-4.18540792591192	37.4592474476578
19.1388464075229	-4.25512350229672	37.3663419155933
19.0472820223221	-4.33992173188345	37.3877255438835
18.9640502262980	-4.49624811374303	37.3814275585190
18.9126456831697	-4.62855469446915	37.2895327077693
18.9146487513440	-4.74483296697807	37.0599899404691
18.8438499061956	-4.81333187746776	36.9988422293794
18.7972989505653	-4.89305818384391	36.8714925890113
18.7794182992421	-4.89959431736846	36.6671207718691
18.7216337958898	-4.98025436414436	36.5529169912663
18.6803937505086	-5.03514660010402	36.3912449384050
18.6690267071342	-5.15751300026166	36.1502737929537
18.6126969983141	-5.29566859358475	36.0106907256341
18.5152046349764	-5.37829692225692	35.9633029708834
18.3556639609634	-5.41232886662766	36.0597030136353
18.2668893234111	-5.53136785957404	35.9789401054948
18.2095506250452	-5.61758032532857	35.8155887773051
18.1350691570735	-5.73604196040995	35.6881386428130
18.0594714883046	-5.78882219707128	35.5576987540190
17.9909403505155	-5.77505271087692	35.4056481522208
17.9402641221678	-5.81993717630208	35.2070718165209
17.8824641297363	-5.90361815791601	35.0221549034555
17.7897197957858	-5.98271091879364	34.9182270704140
17.7256838227047	-6.03669717781366	34.7414817502257
17.6619660585004	-6.02976052742099	34.5614347743348
17.5722071244225	-6.09863926853079	34.4431209962536
17.4546819185215	-6.17964441182228	34.3901322325249
17.3567595665207	-6.28232181649346	34.2878734735655
17.2863111321323	-6.39562997630444	34.1173262814852
17.1554248964352	-6.47261420818960	34.0917137778463
17.0960763445430	-6.54370291514369	33.8919171430241
17.0386147215234	-6.57735213648015	33.6870426617565
16.9528262411841	-6.63120400845966	33.5509748093190
16.8055116648606	-6.63056962060805	33.5640791526001
16.7616137443004	-6.70954685258422	33.3274341847498
16.7139151962672	-6.76144529621518	33.0999628653108
16.6156098243595	-6.83780609503947	32.9954849596158
16.4999121275401	-6.90792134394126	32.9332121268846
16.3758317765465	-6.95004989719940	32.8913874185478
16.3091709812288	-7.06533337887901	32.7108590601719
16.2130713849045	-7.10959491080517	32.6011368300706
16.1404479911601	-7.13111763553079	32.4347808664902
16.0881496577314	-7.19023191176272	32.2195948706371
16.0057266449268	-7.28024779356953	32.0772252570166
15.9565524321166	-7.34202100482653	31.8535325575205
15.8811417386305	-7.39910107303026	31.6928696556521
15.8124642097479	-7.42681109034515	31.5152132492534
15.6988977138431	-7.54064905100455	31.4458675684907
15.6080884045318	-7.60718791891987	31.3196241050306
15.5050341871359	-7.58372123810067	31.2217417972517
15.4693487043027	-7.67412589874284	30.9602390642389
15.3979756710280	-7.69127606442225	30.7832537095417
15.3561462904244	-7.69653915162220	30.5334425506611
15.3285087154693	-7.74202611597212	30.2479860725301
15.2046954260454	-7.76139270632003	30.1936881833334
15.0882059581471	-7.82083064294039	30.1199030036022
15.0213237054763	-7.83840212827623	29.9235224335094
14.9160281026468	-7.89355705761833	29.8182736883952
14.9037960450687	-7.96417311291943	29.4849117224567
14.8789531991441	-8.02443885854996	29.1792115370956
14.7757287861170	-8.11144795282079	29.0605667156405
14.6924954630918	-8.15832871893428	28.8901120180518
14.6308115290865	-8.21973921122398	28.6644732063826
14.5685010226824	-8.28218022676366	28.4370980564483
14.4794620236759	-8.36503779270049	28.2711207224739
14.4508722840380	-8.43726835432186	27.9548912929185
14.3255168575511	-8.51881042367922	27.8694511235144
14.2725120028618	-8.60135236288571	27.6047133060181
14.1578136493426	-8.62774537040909	27.4854251175125
14.0922996362554	-8.71509513471742	27.2434751451175
14.0622823443418	-8.74718274611236	26.9111534708019
13.9897956642878	-8.79519745776241	26.6779943758705
13.8797464314754	-8.91537417288107	26.5317918113867
13.7769371702007	-9.00612674990342	26.3629537987021
13.6426777817473	-9.08191560262518	26.2655339078153
13.5544148771268	-9.17531028438127	26.0519432887434
13.4432062731428	-9.21285265569236	25.8889612228675
13.3382244042822	-9.24647798874061	25.7065147049579
13.2703382353123	-9.36237635503409	25.4297659478585
13.2129434544901	-9.44974004656217	25.1220701298055
13.1169082636678	-9.56825170230536	24.9027859890161
13.0539003963270	-9.67604541315885	24.5977630115949
12.9394035620658	-9.71550731263148	24.4119128001980
12.8151216844658	-9.74678915376217	24.2449926505773
12.7325510671604	-9.87603596241273	23.9722819369731
12.6156632314434	-9.93272632485462	23.7767825341020
12.4840616239526	-9.97844942526074	23.6119018566965
12.4082022050503	-10.0605461359146	23.3070370614689
12.2653918628842	-10.1346372459087	23.1590985658679
12.1314700850759	-10.1981781835198	22.9844215235286
12.0515667436573	-10.3023404203615	22.6738137864467
11.9002380876303	-10.2847852863600	22.5308313841663
11.7179314075988	-10.3688521120789	22.4590645484896
11.5384685327894	-10.4272929143653	22.3753585050852
11.3938910829179	-10.4369909310188	22.2024975784831
11.2959508647283	-10.4914867282446	21.9127301162762
11.2086265259972	-10.5563183253444	21.5928924193549
11.0727087902535	-10.6664112845377	21.3864595155080
10.8541082963190	-10.7057064136247	21.3756107213167
10.7032598113342	-10.6995974160344	21.1968226109812
10.5162953330919	-10.7854544796619	21.1025769657230
10.3415385410640	-10.8208269340519	20.9747756250537
10.2031505781121	-10.8864846367982	20.7556945393132
9.99651711207357	-10.8464337907470	20.6986848269788
9.85187017695208	-10.8922332164392	20.4896732859283
9.64398500476883	-10.8942692031975	20.4312834614974
9.48851906144133	-10.8738166438916	20.2440006085315
9.36070708950298	-10.8955181475108	19.9883667946344
9.25941673018387	-10.8690609546918	19.6668203356089
9.09165269904835	-10.8106418722148	19.5055830708608
8.96744474076049	-10.7985856633582	19.2386449061597
8.79712099054398	-10.7977104715998	19.0830023439071
8.60937718015264	-10.7458298415542	18.9692389026126
8.40915196300900	-10.7422073632965	18.8863203927666
8.30516842521991	-10.7712906663960	18.5704270558884
8.16464564982376	-10.7426787303232	18.3432181345345
7.98141282637986	-10.7488446823437	18.2206493014967
7.78472090188420	-10.7103132951379	18.1316724764115
7.62567490827923	-10.7283043352665	17.9532856378426
7.46539959662406	-10.7021266011199	17.7792633288754
7.34811347579655	-10.6312772622546	17.5032572105791
7.20307554390154	-10.5433202673453	17.2975198471249
7.06163784110054	-10.5633049156098	17.0865160421437
6.90813453281488	-10.5413426450681	16.9070680289370
6.78077255995130	-10.5185333851245	16.6673197454290
6.59165900785543	-10.4952525798152	16.5804888367802
6.41098588901547	-10.4658930155493	16.4766526241468
6.25134826221597	-10.4210055548458	16.3255357103534
6.08329274497414	-10.4327447261401	16.1988637194772
5.94291656808748	-10.4453299380046	16.0085569231819
5.76164911236905	-10.4092438244626	15.9208872315025
5.61775910531295	-10.4061858442605	15.7468605369273
5.47389964551814	-10.3560097624606	15.5766231295870
5.34283824065337	-10.3217856194840	15.3798536450388
5.22144325872964	-10.2663118969929	15.1639388314081
5.08379130374174	-10.1948271604227	14.9919517410871
4.96941504490726	-10.1984441235822	14.7682447635199
4.81052581275297	-10.1514865432019	14.6560983755940
4.68608513775335	-10.1057949091242	14.4647172884369
4.54379977579420	-10.0172968173746	14.3207392335199
4.46535494312336	-10.0357018421689	14.0266388937510
4.37076054579740	-9.97501303495915	13.7748022609828
4.24983400444061	-9.92760186952888	13.5907806827760
4.10523408042844	-9.84301533352249	13.4678401101475
3.98232072442967	-9.73375455462253	13.2964049562956
3.85545684879142	-9.61015530887232	13.1388083264935
3.77416449324984	-9.54637041646803	12.8750995579421
3.64166515247775	-9.45333954309592	12.7389582404600
3.55977866027893	-9.44742547386304	12.4838898342706
3.51299980610594	-9.34558921918996	12.1462728110675
3.47044110879236	-9.30774983866730	11.8020829791491
3.38308562497160	-9.20458355116128	11.5692194247227
3.20901377820326	-9.14831140637753	11.5500552090084
3.14912293061386	-9.04364363306105	11.2570958760256
3.06595689144758	-8.91828569586594	11.0240814264593
2.99739442829889	-8.87605929102153	10.7594728090119
2.92518728243144	-8.92098192617422	10.5064618468771
2.80659261274541	-8.88561496737031	10.3675735508446
2.73249229912726	-8.83025385312071	10.1236322802182
2.70382971326767	-8.75525030082148	9.77267692963062
2.54336130292944	-8.70225806759546	9.74459689813003
2.40784735621843	-8.62944201348851	9.65931189620788
2.24973851126046	-8.50491673735288	9.63245601988121
2.14023401960369	-8.48731140333980	9.49228036550623
2.02876978125747	-8.42583514019827	9.36012403418461
1.94948002568230	-8.31512837150692	9.15396011895549
1.85064995016503	-8.28407965990361	8.99988527672976
1.78985431240336	-8.23444484998213	8.75748728375797
1.76126778851216	-8.17594616291824	8.44123911715951
1.68816772249605	-8.15294176100229	8.23729647814548
1.65484870304923	-8.15020836366827	7.94100933977503
1.61021995649915	-8.02292382183853	7.67601883056830
1.49676364305055	-7.96550885706572	7.58336521421766
1.45807985323592	-7.84738017108937	7.31419707288800
1.40448287899508	-7.77913674317281	7.08667461566309
1.34798836036829	-7.65413484881954	6.87104755801716
1.25039149758917	-7.55236090328627	6.76061388836300
1.16818869489779	-7.43792896246998	6.61812911785389
1.17263141901196	-7.37804856410298	6.27101451738506
1.04221833798589	-7.33557896152564	6.25530575759041
0.984513191218377	-7.26041126419435	6.06763195700622
0.924310693081750	-7.15463723309215	5.89054208558522
0.883278461565250	-7.16151424565932	5.67174431776987
0.811154130004260	-7.13254576090938	5.53143129639224
0.784747976725380	-7.05080953770866	5.28368727689022
0.749757061869523	-6.94686434938131	5.06054464465026
0.684697215614050	-6.89394084967071	4.91408974577565
0.661566281586916	-6.81527734946978	4.66891079162452
0.616005599171850	-6.71558122598589	4.48102053737768
0.612962621092162	-6.65740541682954	4.19297664043903
0.577327445004390	-6.62056764631550	3.98597036423417
0.509280021558292	-6.55659381156510	3.85898001865829
0.379262623954011	-6.49619646078743	3.88368764384243
0.326589573969753	-6.41102264039873	3.72213140895575
0.263966374108870	-6.38059882068313	3.58590767334180
0.208395637175254	-6.33917676052971	3.43283491776824
0.126970085733144	-6.35169107177465	3.34254067204483
0.0446782874490626	-6.24393373883342	3.25353700744621
0.0509543807428171	-6.26037278824225	2.95037366785686
-0.0240528318531550	-6.20414207546988	2.84290286795975
-0.0883116035233681	-6.16498227604982	2.70881484847882
-0.126671102682377	-6.11145066358978	2.51102313356082
-0.135721251617751	-6.05805959087156	2.24131382831923
-0.199798666006250	-6.03621270845035	2.10397379466636
-0.241183697221569	-6.05406899583593	1.91017854535102
-0.304774110675164	-6.09465991312304	1.76820821238915
-0.349321205607434	-6.03458285438250	1.57780929043174
-0.397059289438889	-6.01585708770518	1.39417916125623
-0.437766713453971	-5.96802510032449	1.19208561832032
-0.473979910034309	-5.96393990048271	0.978140108595780
-0.536143144006972	-5.93085100060158	0.825697194615320
-0.620482848233926	-5.97919307999828	0.726141108879511
-0.740077310107468	-5.96127591891398	0.710335869645889
-0.821866298484610	-5.88720270679528	0.602288303366891
-0.866915176651604	-5.74382882571863	0.405539619337532
-0.986897766571308	-5.69063613664649	0.391876360222030
-1.09426096305489	-5.65395003658600	0.348254629711812
-1.15898612044388	-5.67839586943888	0.202021523352984
-1.26434297912379	-5.59531085651703	0.154520109517064
-1.33693291622730	-5.48998875420772	0.0295439259606085
-1.39358281906875	-5.48239321048990	-0.131526444691744
-1.49519014715690	-5.45983415280830	-0.182027352459826
-1.57746698533855	-5.41539361573638	-0.277256266651281
-1.66071749730113	-5.37539573992483	-0.367412292020255
-1.71025836940687	-5.30942340235010	-0.536307340814776
-1.79894367166808	-5.25107026545331	-0.606759247505893
-1.89785219312320	-5.16339342103304	-0.648676909093587
-1.97433578000947	-5.14027835117580	-0.740540395944961
-2.11995351544063	-5.08107982990839	-0.661010066702612
-2.23011515197482	-4.95341872078803	-0.662856703015211
-2.28370502942167	-4.95227227675287	-0.796155570052194
-2.35953679402864	-4.88751120179188	-0.871305470356187
-2.41492997914434	-4.82999198867108	-0.990767682443841
-2.42226789025444	-4.69987093527930	-1.22141962813213
-2.45054648937903	-4.73649691592138	-1.39501204999193
-2.54991402293633	-4.66095817751131	-1.39202441202683
-2.59367591961966	-4.60841865061487	-1.51799298259486
-2.64761056902692	-4.51617486922539	-1.61371872863592
-2.66537326880008	-4.42137047835181	-1.79097131092650
-2.76470983339050	-4.37196340012951	-1.76432451960664
-2.75349123698768	-4.32934319206816	-1.99997091733926
-2.79141719235549	-4.23403731578564	-2.11096126055774
-2.82960887887836	-4.19342289148623	-2.21511367261847
-2.85142642941688	-4.16370750160253	-2.35348137502814
-2.92295177127611	-4.08388840263035	-2.36609347091474
-2.95460025586080	-4.00792249826556	-2.46947830021697
-2.97166558067762	-3.92127714477790	-2.60244764390511
-3.00773463963276	-3.85061518136082	-2.68354752182969
-3.03093079684148	-3.76711459589842	-2.79032440101691
-2.97724913806568	-3.65923126709384	-3.07783971388964
-2.97525820276339	-3.68336904534505	-3.23431972684186
-2.93545158593165	-3.63233730208203	-3.47850253481553
-2.93827724725042	-3.55556521026327	-3.61461207764335
-2.93595025990500	-3.53805164991501	-3.75828382967808
-2.86200092736927	-3.46620092847908	-4.07152466878668
-2.81290360637572	-3.41958853337989	-4.32002235157245
-2.73826991241099	-3.41256014121242	-4.62642075817909
-2.71275521029441	-3.35297154937936	-4.81050303435935
-2.77729243027093	-3.31428199841536	-4.77260679335425
-2.74492924585906	-3.35103038131000	-4.96628353881874
-2.69506397123414	-3.35016255010381	-5.20028251927635
-2.68336577767875	-3.29298658161547	-5.33945657462811
-2.68362421861998	-3.26320264074605	-5.44686505023152
-2.69442143917765	-3.22438875002212	-5.52654265005215
-2.66509352230238	-3.22196215462030	-5.70142200336313
-2.67984680775289	-3.22961216809727	-5.76815957250540
-2.63869779414049	-3.20444497390572	-5.96948297148533
-2.63486795932737	-3.22300579969741	-6.07934444748495
-2.59399919928110	-3.16206507879161	-6.27881595175554
-2.61048639609973	-3.16076841862189	-6.33842823660815
-2.60960897359601	-3.16316504003109	-6.44033469129195
-2.59846528907108	-3.15130897694562	-6.56768540512806
-2.59171176633845	-3.17301333438584	-6.68509150800131
-2.57496514486765	-3.18909985848762	-6.82815047239658
-2.53899527180684	-3.18379509134539	-7.01947526238214
-2.54265483686508	-3.21139705272120	-7.11647414183080
-2.47882646937470	-3.23596282115363	-7.37947433558850
-2.43878977355925	-3.24754143682577	-7.58752016023156
-2.46851115544496	-3.31606977164099	-7.62933638606723
-2.45860405104256	-3.41359572771005	-7.77101142582946
-2.48766942876743	-3.46635262871769	-7.82266207388575
-2.53388754876666	-3.53127782511556	-7.83682479716550
-2.52185660226928	-3.53988650168271	-7.99659439683795
-2.48671677032199	-3.56388075065673	-8.21628612805752
-2.52980414019265	-3.65789228306587	-8.25068063336882
-2.51691384681517	-3.70748107753425	-8.42606567780981
-2.52629739684997	-3.71639382826350	-8.55235483697084
-2.55111774347515	-3.81375829823423	-8.64570466173574
-2.55876879239530	-3.85691711994613	-8.78633251429920
-2.55068121880465	-3.92472714150148	-8.97013742731656
-2.66798349320124	-3.96724110853463	-8.85542561279200
-2.65088227161079	-3.95826917410238	-9.07148962914784
-2.70001237907350	-3.96008770190714	-9.13140189114513
-2.68745265599338	-4.01335783712904	-9.34528894611232
-2.70796395628024	-4.03009622486988	-9.48409380764919
-2.77971762169005	-4.09596153861315	-9.50324436897511
-2.86507681008148	-4.17420010151713	-9.49447673912391
-2.98995614141314	-4.20896870030555	-9.39501511055175
-3.02551994666689	-4.18397931410399	-9.51641001200288
-3.09692482898818	-4.15728093236229	-9.55444590740570
-3.21280912605877	-4.14511135840042	-9.48802746567269
-3.27356858505629	-4.15907216167060	-9.55858215416514
-3.35625207621922	-4.22542330838149	-9.57955876838705
-3.36080604638267	-4.20053338582518	-9.79396885582670
-3.45780044467772	-4.23957494325352	-9.78714160509178
-3.50423797341711	-4.22535209579592	-9.90632020926052
-3.56417946001711	-4.23749314889277	-9.99544629868470
-3.66635845328553	-4.28213111037205	-9.98509516129392
-3.74355758279311	-4.33547304687221	-10.0384586078779
-3.76286762696747	-4.35059148774763	-10.2352907024487
-3.89310208120713	-4.34796588422548	-10.1658785078107
-3.94963877562165	-4.38744720732223	-10.2773343574324
-3.99715200215783	-4.37142947482761	-10.4133508314233
-4.06277615882051	-4.37743688154800	-10.5073782855807
-4.19751079604850	-4.44941531543965	-10.4360035489169
-4.27035635526570	-4.48896463654162	-10.5174423461499
-4.32611491060692	-4.53832690166705	-10.6426026822285
-4.40962093382240	-4.50244396326567	-10.7028586212185
-4.56922200539807	-4.48609903013162	-10.5798487836344
-4.67532328743841	-4.47962122067054	-10.5877681511835
-4.75481008674500	-4.50222855440457	-10.6614444128916
-4.82891405135674	-4.48392678383293	-10.7496555943868
-4.96960715305899	-4.50816612344707	-10.6773075973875
-5.05038005485303	-4.53764951851769	-10.7513719484800
-5.17498015491044	-4.54642174110507	-10.7202931676774
-5.24960076180565	-4.53888538386550	-10.8109589859563
-5.31018338798053	-4.54834989307119	-10.9358517201803
-5.41595823978543	-4.51580604074885	-10.9514257804225
-5.54477444495467	-4.50401630977251	-10.9105921316500
-5.67640340770784	-4.51472748100032	-10.8623697406819
-5.77512529129171	-4.46220603864172	-10.8933271890076
-5.92086807637478	-4.42926227163294	-10.8086557825512
-6.00379946845650	-4.40863505968511	-10.8744771658731
-6.10097186328392	-4.39742383225591	-10.9038893776931
-6.22142374984337	-4.34417580005306	-10.8747831798988
-6.29835546339388	-4.29658554944197	-10.9481823290179
-6.45971556708676	-4.25411525377696	-10.8137238764747
-6.55001418119852	-4.17917111917145	-10.8479549728352
-6.64052893749027	-4.13555376757899	-10.8773630346677
-6.66881117475453	-4.08827473983002	-11.0533537316182
-6.77410742304763	-4.12900790755604	-11.0380794570655
-6.85610857489453	-4.08683653836184	-11.0754305051126
-6.92904097143002	-4.03123864826816	-11.1295498747370
-6.92320577497608	-3.98885976869940	-11.3688821596598
-6.94579291778803	-3.91019679161861	-11.5335400740595
-7.01156403549290	-3.76232031473719	-11.5870300940890
-7.10583258110360	-3.68684060101589	-11.5638088018863
-7.13120284096465	-3.59178928193691	-11.7005887579992
-7.24498064867452	-3.53909010094705	-11.6156570661700
-7.25431386782608	-3.52715669613082	-11.7767349838111
-7.35029481529417	-3.48486012665671	-11.7210408336787
-7.37146969323295	-3.39852093179886	-11.8393355455668
-7.36597964167802	-3.29029149751084	-12.0142753110019
-7.37377947368083	-3.23744684441467	-12.1486811662183
-7.40489185844383	-3.10891299394081	-12.2189225984900
-7.50231728694051	-3.00443094393828	-12.1197976424605
-7.57728148414937	-2.99898555448113	-12.0667421552426
-7.62069845152999	-2.88850615966188	-12.0830395505498
-7.69183687310865	-2.77103414818102	-12.0237610162881
-7.72306900396249	-2.71757094665782	-12.0527895517318
-7.66961483897978	-2.62983537814510	-12.2795739684157
-7.67848886335858	-2.48272034766584	-12.3475382125189
-7.61365875399916	-2.33613242082640	-12.5857959385383
-7.62743246912386	-2.26676104229254	-12.6254331865872
-7.64305518598035	-2.14592591671744	-12.6536677484259
-7.63413641983167	-2.03324743109775	-12.7340341518987
-7.60662213841995	-1.99732691207725	-12.8524791393402
-7.64550774839514	-1.91056637008215	-12.8042584274709
-7.62310532329725	-1.90904769406980	-12.8984695714137
-7.60242058642791	-1.89016648452365	-12.9837993246654
-7.62339559262199	-1.88665190786378	-12.9635513295759
-7.60374452755262	-1.78406181048832	-13.0376792612860
-7.53072547836594	-1.73388946005985	-13.2361640590873
-7.48300562617156	-1.67625450149072	-13.3694013837929
-7.43069703297266	-1.65701446344882	-13.5101312720890
-7.33929545460384	-1.61838277562563	-13.7428747877096
-7.26455723539526	-1.54377711317724	-13.9326877639301
-7.15345005036731	-1.51382832513961	-14.2080856868692
-7.14295337304076	-1.52711821739677	-14.2381067187842
-7.05731610620812	-1.49234217574596	-14.4496868572894
-6.96677357810751	-1.51064631858225	-14.6724513491120
-6.86130183281922	-1.51374381593484	-14.9318397304940
-6.84525272868645	-1.55928868462262	-14.9752287662681
-6.85251901050399	-1.51111482318110	-14.9638235214409
-6.83533387946642	-1.48557194297901	-15.0126345468163
-6.75732634319349	-1.49449806967035	-15.2105320089940
-6.71562215743741	-1.48852336131718	-15.3230069480606
-6.67722578838803	-1.50135132378547	-15.4302711599609
-6.59496120528992	-1.51886750406539	-15.6473153764253
-6.53997631463198	-1.59964108134177	-15.8021781582149
-6.50596458699733	-1.64839118306523	-15.9113357729748
-6.46352362518992	-1.64871669443306	-16.0460008047082
-6.36192803611219	-1.65604353497175	-16.3288345020828
-6.32337591898224	-1.66372645820339	-16.4640921125987
-6.32999472338520	-1.67487487947105	-16.4953720512532
-6.29124141250389	-1.73566872867728	-16.6423822526532
-6.30111755437710	-1.77833314723521	-16.6781253449959
-6.25529512974579	-1.76403801571190	-16.8553707276939
-6.30338189795706	-1.87766978994916	-16.8109254779888
-6.28901431307020	-1.90035590248980	-16.9254311695826
-6.30311543409075	-1.92901967949244	-16.9773986761622
-6.34310182217402	-1.94958914850590	-16.9731455782114
-6.35992445914491	-2.03061817342416	-17.0313731642308
-6.39274158244812	-2.07258825970219	-17.0578367863177
-6.46342907775049	-2.14357578177920	-16.9988728103538
-6.54329218232252	-2.20690814375856	-16.9241923966641
-6.57617944548870	-2.24172197538039	-16.9695461554157
-6.60671460182740	-2.32161745550898	-17.0261635071741
-6.67606996772135	-2.34246176376143	-16.9945464638144
-6.74507367428768	-2.41506787779333	-16.9685595480186
-6.80294784998431	-2.44441452021060	-16.9746289243242
-6.89893420497523	-2.49450677461198	-16.8924938386241
-6.94510836518324	-2.49440195820881	-16.9351145150565
-6.97034697669878	-2.50392243572196	-17.0314713732270
-6.97494086543304	-2.50803950888568	-17.1805860016235
-6.96722607562110	-2.53977578621744	-17.3617926303893
-6.98775317671824	-2.57560215324562	-17.4767695666114
-7.04248496537125	-2.68356472886369	-17.5107133630052
-7.04813171663684	-2.69082224801040	-17.6659868239404
-7.06772614717530	-2.69793270224678	-17.7881520306454
-7.16258291587481	-2.74100025010309	-17.7282153641534
-7.24619158103243	-2.72971475929128	-17.6958947085209
-7.30916514034911	-2.73655880859223	-17.7128557043475
-7.34196334361137	-2.77607098459113	-17.8020789243237
-7.39621675077527	-2.79997089290208	-17.8385045291336
-7.44977952414554	-2.78693315980465	-17.8752815022139
-7.47171358827161	-2.76408514420897	-17.9866181746171
-7.47338974960440	-2.84894264390792	-18.1445612037570
-7.43663068966888	-2.86125217494299	-18.3942974597216
-7.42671589863847	-2.81399797886577	-18.5765038349025
-7.50548225796172	-2.85870320876499	-18.5403848221175
-7.56296525553211	-2.83126296488576	-18.5534420351961
-7.61127285364833	-2.83728282643982	-18.5852696844743
-7.62536179401936	-2.85145247567934	-18.6968793324001
-7.71093793630266	-2.92943183944925	-18.6321196744418
-7.72228528307457	-2.88891438258490	-18.7449093893558
-7.77262776759608	-2.88592779164950	-18.7593377323596
-7.83588450842160	-2.81265404623527	-18.7391201073165
-7.87188471401851	-2.79857707837927	-18.7807786704856
-7.88147776152511	-2.76600426220048	-18.8831017939168
-7.93934014855993	-2.80291549889758	-18.8650067040920
-7.95552291729338	-2.77125103728171	-18.9455329658317
-7.98085642304765	-2.78051094165685	-19.0008148766769
-8.04454035674039	-2.77261943846802	-18.9608271919616
-8.05234818997918	-2.71501580638136	-19.0539590950901
-8.05631455146279	-2.70558354985355	-19.1537453547581
-8.10985617661995	-2.64562130512258	-19.1316369780229
-8.10980783700910	-2.63427459224381	-19.2373285226642
-8.06364057099830	-2.67007404780340	-19.4536603552226
-8.10121161114843	-2.67305521966094	-19.4668661364548
-8.16851795103543	-2.71761213887007	-19.4077520659718
-8.18214596624329	-2.77766022181724	-19.4793328151203
-8.13861776178390	-2.82302955139750	-19.6905759125640
-8.15485849234355	-2.86954846788985	-19.7582745645053
-8.23625377045399	-2.86577366083804	-19.6697245000789
-8.23908543143149	-2.93864893599311	-19.7728990049077
-8.31743224408891	-2.99539436882135	-19.6956378334762
-8.35709938392465	-2.98266981548292	-19.7147584722838
-8.32752734158111	-2.96708539102079	-19.9036876021905
-8.43092797490115	-2.99158655364326	-19.7725457166140
-8.51278977959957	-3.01458259184849	-19.6964889868123
-8.53793159978872	-2.99648527935323	-19.7609020570653
-8.57836668651549	-2.97666448239864	-19.7908607010932
-8.61632960129641	-2.93862864204142	-19.8294971722716
-8.66205522483907	-2.97112513970440	-19.8518396893108
-8.68017602634769	-2.99394299791930	-19.9445319182785
-8.73290267512116	-3.00606616791089	-19.9566878321760